1	14
15	37
38	60
61	75
76	111
112	138
139	158
159	178
179	192
193	199
200	204
205	217
218	225
226	239
240	264
265	287
288	306
307	315
316	339
340	360
361	371
372	402
403	411
412	417
418	425
426	451
452	469
470	480
481	492
493	501
502	509
510	519
520	528
529	534
535	541
542	546
547	552
553	558
559	575
576	583
584	607
608	619
620	632
633	641
642	655
656	677
678	714
715	740
741	752
753	762
763	770
771	780
781	790
791	801
802	841
842	851
852	861
862	876
877	884
885	904
905	917
918	924
925	934
935	943
944	953
954	960
961	976
977	1015
1016	1047
1048	1081
1082	1102
1103	1109
1110	1118
1119	1128
1129	1158
1159	1189
1190	1218
1219	1225
1226	1243
1244	1253
1254	1276
1277	1285
1286	1296
1297	1302
1303	1317
1318	1337
1338	1365
1366	1374
1375	1384
1385	1391
1392	1402
1403	1410
1411	1424
1425	1435
1436	1448
1449	1462
1463	1470
1471	1478
1479	1489
1490	1497
1498	1517
1518	1539
1540	1585
1586	1603
1604	1616
1617	1648
1649	1674
1675	1693
1694	1703
1704	1711
1712	1717
1718	1721
1722	1727
1728	1742
1743	1745
1746	1769
1770	1782
1783	1791
1792	1793
1794	1843
1844	1845
1846	1906
1907	1908
1909	1920
1921	1933
1934	1944
1945	1956
1957	1961
1962	1968
1969	1980
1981	1994
1995	2003
2004	2021
2022	2039
2040	2052
2053	2062
2063	2069
2070	2101
2102	2119
2120	2123
2124	2144
2145	2177
2178	2190
2191	2203
2204	2227
2228	2229
2230	2251
2252	2267
2268	2270
2271	2274
2275	2284
2285	2295
2296	2331
2332	2375
2376	2393
2394	2409
2410	2419
2420	2429
2430	2437
2438	2451
2452	2465
2466	2495
2496	2539
2540	2556
2557	2569
2570	2579
2580	2590
2591	2617
2618	2625
2626	2629
2630	2640
2641	2652
2653	2692
2693	2714
2715	2732
2733	2743
2744	2772
2773	2792
2793	2835
2836	2876
2877	2904
2905	2934
2935	2949
2950	2974
2975	2987
2988	3009
3010	3042
3043	3058
3059	3072
3073	3092
3093	3124
3125	3162
3163	3178
3179	3194
3195	3218
3219	3239
3240	3264
3265	3280
3281	3312
3313	3347
3348	3380
3381	3396
3397	3406
3407	3416
3417	3436
3437	3448
3449	3460
3461	3473
3474	3491
3492	3506
3507	3524
3525	3540
3541	3560
3561	3573
3574	3591
3592	3619
3620	3652
3653	3671
3672	3682
3683	3723
3724	3754
3755	3774
3775	3788
3789	3806
3807	3810
3811	3823
3824	3838
3839	3848
3849	3861
3862	3898
3899	3923
3924	3939
3940	3954
3955	3965
3966	3973
3974	3984
3985	4001
4002	4016
4017	4027
4028	4035
4036	4042
4043	4053
4054	4062
4063	4068
4069	4087
4088	4098
4099	4136
4137	4151
4152	4168
4169	4179
4180	4185
4186	4202
4203	4222
4223	4245
4246	4270
4271	4282
4283	4322
4323	4338
4339	4351
4352	4372
4373	4381
4382	4390
4391	4397
4398	4405
4406	4412
4413	4431
4432	4457
4458	4470
4471	4476
4477	4495
4496	4511
4512	4531
4532	4560
4561	4575
4576	4612
4613	4634
4635	4639
4640	4647
4648	4654
4655	4668
4669	4674
4675	4684
4685	4695
4696	4709
4710	4721
4722	4734
4735	4744
4745	4760
4761	4770
4771	4775
4776	4784
4785	4798
4799	4810
4811	4822
4823	4828
4829	4836
4837	4843
4844	4852
4853	4857
4858	4864
