2	137125000	137175000	0.130933069332534	0.466229561981344
2	148675000	148725000	0.107547073354624	0.44331085960522
2	157425000	157475000	0.10468480901527	0.430977102352858
2	70525000	70575000	0.103133053205113	0.436973595560963
2	192375000	192425000	0.0974514499825818	0.423827469765151
2	114725000	114775000	0.0950190354111668	0.427285759091889
2	20825000	20875000	0.0949412031164251	0.420287576898309
2	85525000	85575000	0.0934984907899848	0.420184611618816
2	153575000	153625000	0.0934502325261701	0.439897822192344
2	62625000	62675000	0.0930539171596324	0.430634572459885
2	214075000	214125000	0.0923636139491167	0.428298669607133
2	196925000	196975000	0.0912881755068837	0.422686145622699
2	198225000	198275000	0.0910487672140076	0.416233046542867
2	43025000	43075000	0.0902565811243956	0.422137062378334
2	30325000	30375000	0.0895353199964826	0.425714024816839
2	68675000	68725000	0.0879633855111953	0.42446020215261
2	46175000	46225000	0.0872151302241717	0.419611693744219
2	60875000	60925000	0.0870944101761065	0.416828624767092
2	156125000	156175000	0.0853722808116534	0.417945199548037
2	122475000	122525000	0.08392331066834	0.410894492135467
2	177975000	178025000	0.0832192961468303	0.422105979699308
2	7525000	7575000	0.0831513770595009	0.417852914877709
2	33825000	33875000	0.0828714527667259	0.416678605101893
2	158125000	158175000	0.0827417011350865	0.408685368037752
2	190275000	190325000	0.0814567646702426	0.415641982130247
2	96625000	96675000	0.0811808436070611	0.419920155041993
2	237975000	238025000	0.0810073055515588	0.420103531248366
2	172975000	173025000	0.0808890463001388	0.420706647611884
2	98975000	99025000	0.0806589437968079	0.412640121516374
2	171725000	171775000	0.0801602898091303	0.420094859029948
2	20075000	20125000	0.0797025814232779	0.41730720795818
2	216775000	216825000	0.0791646773023298	0.422447306816445
2	45175000	45225000	0.0791114117841783	0.419955414799397
2	222425000	222475000	0.0790779561678843	0.423187453790369
2	42025000	42075000	0.0785898894986053	0.412467044352465
2	198625000	198675000	0.0785810862948366	0.405229289601108
2	6925000	6975000	0.0784163985531741	0.411603753929696
2	42275000	42325000	0.0781683957150728	0.405718451042064
2	30925000	30975000	0.0777335747200841	0.416923188878327
2	65825000	65875000	0.0769776409947507	0.415197246025816
2	208325000	208375000	0.0765810204612292	0.414987527014006
2	69525000	69575000	0.0756795923934195	0.41259560135389
2	85825000	85875000	0.0756343015795772	0.401487863672572
2	224825000	224875000	0.0754552535952099	0.411559216781743
2	64525000	64575000	0.075438689185354	0.40737685335944
2	47975000	48025000	0.0748104436605843	0.413687245660128
2	160825000	160875000	0.0747520604669631	0.414983080371618
2	230575000	230625000	0.0735107456746324	0.419686039358236
2	3675000	3725000	0.073369532988938	0.41369521780786
2	223775000	223825000	0.0733182387803686	0.406040512348802
2	55925000	55975000	0.0729415330432039	0.411871145618952
2	45775000	45825000	0.0728241394932824	0.407628283454793
2	188325000	188375000	0.0725302963984976	0.419057143752148
2	169775000	169825000	0.0724620239366813	0.406613777627526
2	11925000	11975000	0.0724273611666665	0.409886407662432
2	208925000	208975000	0.0723087203703932	0.410109299459394
2	181925000	181975000	0.0720590929287057	0.41482149986745
2	138625000	138675000	0.071990562371314	0.411893986656103
2	169175000	169225000	0.0714751626969501	0.409301758000581
2	135175000	135225000	0.0714626976132084	0.411936621362186
2	232275000	232325000	0.0714000042305012	0.402766860139862
2	101575000	101625000	0.0709213088597417	0.408870892616762
2	20525000	20575000	0.0708877970101552	0.397752864048597
2	29425000	29475000	0.0706959212883846	0.400116584652414
2	65075000	65125000	0.0706599151192103	0.40041672433157
2	43825000	43875000	0.0706514826707431	0.406702798968534
2	96425000	96475000	0.0697135721538499	0.395355876978372
2	64725000	64775000	0.0696863170186424	0.400555117115971
2	74825000	74875000	0.0695951918210824	0.402499492468955
2	42575000	42625000	0.069573698741376	0.399127977421751
2	71175000	71225000	0.06937395976575	0.405403937277842
2	100125000	100175000	0.0689355919299673	0.418171011187525
2	232675000	232725000	0.0689209125616975	0.40705115131855
2	64225000	64275000	0.0684941555427904	0.399932830338661
2	15725000	15775000	0.0682229856424988	0.418312809766425
2	190475000	190525000	0.0680456987518584	0.402735174174872
2	10925000	10975000	0.0680257289797586	0.404225516136001
2	172275000	172325000	0.0679679388017317	0.406829093330147
2	47125000	47175000	0.067918491727783	0.398829949876082
2	38475000	38525000	0.0676249017066444	0.397261311907991
2	61225000	61275000	0.0675890619987935	0.398966040362484
2	135675000	135725000	0.0673060984168916	0.410368277993442
2	16925000	16975000	0.0668594331081426	0.398328578712153
2	198975000	199025000	0.0668420590387554	0.40280789894209
2	235425000	235475000	0.0667020235152507	0.406373621873288
2	172375000	172425000	0.0666207215971632	0.40561851138034
2	203425000	203475000	0.0664973554245063	0.398614071940179
2	152075000	152125000	0.0664846957893996	0.408909748418714
2	27875000	27925000	0.0661089405554105	0.402310216760874
2	47525000	47575000	0.0658327352357972	0.398508940839158
2	157175000	157225000	0.0658041724260159	0.392925122242819
2	150425000	150475000	0.0655787513199501	0.410769095800257
2	223475000	223525000	0.0653413306683268	0.399615024915961
2	231925000	231975000	0.0651998527953289	0.394821822856943
2	109325000	109375000	0.0651842912556481	0.391794879448808
2	143725000	143775000	0.0651623619106165	0.398670259032166
2	213425000	213475000	0.0651002910497137	0.404970602246222
2	62125000	62175000	0.0650822603055914	0.403641903691779
2	38725000	38775000	0.0648814461909512	0.392265853033395
2	147775000	147825000	0.0647071078037653	0.400631343717944
2	149825000	149875000	0.0646606664476911	0.406336721007457
2	25375000	25425000	0.0646063235310344	0.396575837042208
2	48675000	48725000	0.0645775869179219	0.403942958964806
2	170275000	170325000	0.0643587351651899	0.400924471665239
2	196525000	196575000	0.0638049048405586	0.40405867944233
2	228175000	228225000	0.0636840273654876	0.402576799561606
2	220225000	220275000	0.0634264047284525	0.403722037291529
2	108925000	108975000	0.0632976966897844	0.397153199948652
2	86325000	86375000	0.0631364772631414	0.392885806371082
2	71725000	71775000	0.0630132897563892	0.402303175744607
2	228725000	228775000	0.0629358209025569	0.40813545717989
2	63825000	63875000	0.0627041322298206	0.393322351988909
2	112775000	112825000	0.0626594849409958	0.379153562642089
2	25775000	25825000	0.0623658530361196	0.392373812840324
2	209225000	209275000	0.062293298193299	0.405737343355588
2	23925000	23975000	0.0622759849136735	0.409047267576211
2	102475000	102525000	0.0622377947916821	0.401791243330046
2	9525000	9575000	0.0620881749590358	0.399975123302963
2	210775000	210825000	0.0619647772249779	0.39605750245733
2	113825000	113875000	0.0619095118084361	0.381560987977228
2	48325000	48375000	0.0619034057992652	0.399612169365169
2	187325000	187375000	0.0615265423236257	0.403624281064685
2	202075000	202125000	0.0614947902524827	0.397832031408552
2	152325000	152375000	0.0614601822432894	0.400635556120475
2	201725000	201775000	0.0613000484925701	0.398245127444528
2	73425000	73475000	0.0610977203656667	0.395515498331777
2	231675000	231725000	0.0610760494277914	0.393414364847454
2	56375000	56425000	0.0610594519860481	0.404929138962185
2	86025000	86075000	0.061026066759907	0.389896791326403
2	99225000	99275000	0.0607475968736262	0.395569939249046
2	113325000	113375000	0.0602807459266803	0.390743363385343
2	65425000	65475000	0.0601629686758881	0.389820315335754
2	105925000	105975000	0.0601142361374806	0.397958121424583
2	113725000	113775000	0.0600155961148263	0.387095648745693
2	13175000	13225000	0.0599340718965403	0.406433618524899
2	225625000	225675000	0.0598156141595264	0.393268445688383
2	85225000	85275000	0.0595433197774081	0.392420301788164
2	136475000	136525000	0.0593541653225644	0.402822212874161
2	11225000	11275000	0.0593469860425313	0.396200517389375
2	47625000	47675000	0.0592315938342387	0.394141527536371
2	152425000	152475000	0.0591078814617344	0.399525643314844
2	121075000	121125000	0.05887995967696	0.405623864332551
2	225125000	225175000	0.0587942353112874	0.392993853453223
2	211025000	211075000	0.0587209023472071	0.391289230814068
2	190925000	190975000	0.0586722986230508	0.394496354462834
2	159675000	159725000	0.0585703262030979	0.394058248896943
2	54925000	54975000	0.0585659368974781	0.394189053039527
2	65275000	65325000	0.058487340352322	0.3881873138204
2	241375000	241425000	0.0584556305955571	0.396866863878536
2	233875000	233925000	0.0584459251777006	0.390839515951708
2	158325000	158375000	0.058398398047574	0.393797003425127
2	103075000	103125000	0.0581922244446676	0.399429458069105
2	223125000	223175000	0.0581843044965929	0.395736599869177
2	70125000	70175000	0.0581680379707814	0.392518555718126
2	200825000	200875000	0.0581406685291965	0.404615652671486
2	227875000	227925000	0.0580783292221844	0.390790866526231
2	220575000	220625000	0.0580212940757653	0.403907379362551
2	175225000	175275000	0.0579500680678739	0.398703693066383
2	8825000	8875000	0.0577522902566379	0.399797667578753
2	197925000	197975000	0.0576477905601734	0.395027391205672
2	75875000	75925000	0.0575576319786887	0.400596323479699
2	203075000	203125000	0.0575383418168668	0.393879843387686
2	161875000	161925000	0.0570047673671417	0.405327909749358
2	38975000	39025000	0.0569202272234197	0.385370661060836
2	98375000	98425000	0.0569182954985563	0.396956916621779
2	7225000	7275000	0.0568919986353807	0.387926564984849
2	178625000	178675000	0.0564265472948993	0.396933874999794
2	106675000	106725000	0.0564035648052819	0.395564566531213
2	173825000	173875000	0.0561256031311584	0.392304399368645
2	24625000	24675000	0.0561216762186313	0.396016838282296
2	64125000	64175000	0.0561111203668617	0.386682120205545
2	231025000	231075000	0.0561059315097905	0.400005036208211
2	37575000	37625000	0.0560521643537707	0.394312097378804
2	38075000	38125000	0.0559361098101008	0.389175725385692
2	144025000	144075000	0.0558680194567087	0.383818680459293
2	16675000	16725000	0.0557595183305197	0.389377636355178
2	183525000	183575000	0.0557054771559155	0.398046541179044
2	237175000	237225000	0.055513621611562	0.39113205199122
2	54675000	54725000	0.0554500746556595	0.39242553968729
2	222825000	222875000	0.0554371001482584	0.395799625056514
2	134575000	134625000	0.0553646104083393	0.395778207462039
2	107175000	107225000	0.055346448283632	0.400846857190109
2	219025000	219075000	0.0553061202102731	0.396118625845155
2	109725000	109775000	0.055222363012505	0.380624060556182
2	109475000	109525000	0.0552201794764863	0.38137743367609
2	175525000	175575000	0.0547869669853831	0.395583960699269
2	136625000	136675000	0.0545922804855838	0.394127929779102
2	10575000	10625000	0.0543949105274567	0.389831996127999
2	29125000	29175000	0.0543777367400111	0.384616121150658
2	225925000	225975000	0.0543161438883014	0.394518260682742
2	97775000	97825000	0.054208213638898	0.400504838740306
2	74325000	74375000	0.0539716877749878	0.388321900584006
2	9225000	9275000	0.0539639107793701	0.391236736234907
2	79225000	79275000	0.0536181870522172	0.403054621566887
2	170775000	170825000	0.0534690373422991	0.392108603301694
2	39475000	39525000	0.0533581159415055	0.392423717539355
2	43425000	43475000	0.0533475897100698	0.386540103855495
2	197125000	197175000	0.0529903999201867	0.383090131632446
2	11575000	11625000	0.0527438220643651	0.390084088578165
2	46625000	46675000	0.0526882750967479	0.384381367651231
2	204325000	204375000	0.0526420522221829	0.396109951748907
2	25025000	25075000	0.0526155915995714	0.388467532648098
2	63025000	63075000	0.0526028895165872	0.390414348508679
2	9925000	9975000	0.0525857992892374	0.391291578151018
2	234175000	234225000	0.0525765595948907	0.389824669918111
2	69175000	69225000	0.0522511035501346	0.390472033379356
2	152825000	152875000	0.052102442097395	0.395913482469557
2	118525000	118575000	0.0520418349984919	0.407868498885647
2	28725000	28775000	0.0518749425212434	0.388071182359638
2	217525000	217575000	0.051731347633632	0.399210607308695
2	44225000	44275000	0.0517073932772021	0.391545573283887
2	208575000	208625000	0.0515633142860049	0.387239671976718
2	176925000	176975000	0.0514274511481514	0.398680753676536
2	122075000	122125000	0.0514000712562714	0.397084409121713
2	102825000	102875000	0.0513915347339229	0.386847371480056
2	159975000	160025000	0.051388221460726	0.385344558611372
2	192675000	192725000	0.0511279014716579	0.380917445514431
2	184075000	184125000	0.0510237158624705	0.398268134852984
2	86625000	86675000	0.0508435937415698	0.377824388222147
2	196175000	196225000	0.0507296242190461	0.393347674149825
2	180925000	180975000	0.0506747224436592	0.39376540385083
2	68225000	68275000	0.0505960057021749	0.394445231445909
2	191875000	191925000	0.0504690252628903	0.403914703855784
2	165825000	165875000	0.0504541224328572	0.394343601418663
2	227625000	227675000	0.0503846781614694	0.38454445992253
2	189925000	189975000	0.0503769100606036	0.390396708869084
2	97175000	97225000	0.0503691870170645	0.389156440773789
2	55425000	55475000	0.0503685030670704	0.387626562421748
2	182575000	182625000	0.0503076062179696	0.392032561589516
2	193025000	193075000	0.0502832237427262	0.395520815824472
2	113475000	113525000	0.0502067881214908	0.385325585499344
2	27525000	27575000	0.0501358295836169	0.386339179587285
2	31575000	31625000	0.0499314301386579	0.394888417259629
2	10175000	10225000	0.0498451946356757	0.387330578757169
2	201325000	201375000	0.0496919230885385	0.393097638591478
2	10275000	10325000	0.0496869237574297	0.386222239632422
2	224525000	224575000	0.0496437673690712	0.384781533521862
2	21225000	21275000	0.0496013318097792	0.393770402557791
2	74025000	74075000	0.0495961307458359	0.384306875504948
2	101925000	101975000	0.0493825545232262	0.390635900360088
2	182975000	183025000	0.0493380842841257	0.392123075585937
2	155225000	155275000	0.049333470686094	0.394675749334644
2	18025000	18075000	0.0492806055129078	0.394103134516264
2	166225000	166275000	0.0492317438062461	0.39197763750301
2	187675000	187725000	0.0492126330965179	0.391349189910219
2	101175000	101225000	0.0490228740839442	0.389458320338446
2	169575000	169625000	0.0489011218901828	0.382087282457345
2	162775000	162825000	0.0487706949511689	0.390224707529264
2	177475000	177525000	0.0487389465245172	0.387299407217808
2	242825000	242875000	0.048727522430671	0.393604678629877
2	26075000	26125000	0.0487199820818421	0.380351159525472
2	84675000	84725000	0.0486843143552312	0.392967570313501
2	182325000	182375000	0.0486579372067787	0.387127447372641
2	122225000	122275000	0.0485316733424573	0.380961513710283
2	153025000	153075000	0.048495007141495	0.392689125619315
2	29025000	29075000	0.0483309351725649	0.380952106246047
2	164925000	164975000	0.0483099993531998	0.394772545239349
2	57925000	57975000	0.0482902915900843	0.394007257621599
2	175875000	175925000	0.048255399529198	0.389102990077689
2	39075000	39125000	0.0480509046305145	0.378918567478245
2	149225000	149275000	0.0479687969223436	0.387237118680399
2	74425000	74475000	0.0478217477489508	0.38188277812574
2	74625000	74675000	0.0476895340848716	0.381172199597203
2	85075000	85125000	0.047604082255855	0.383576494857573
2	20425000	20475000	0.04718419597867	0.377161446766158
2	36975000	37025000	0.0470502102153985	0.392263883496706
2	144275000	144325000	0.0469109387690981	0.377762700195321
2	231475000	231525000	0.046829070637362	0.384664924936169
2	218625000	218675000	0.0467951623625082	0.389496632461736
2	179975000	180025000	0.0467800303082521	0.380121949345625
2	163175000	163225000	0.0467635433234134	0.389730804042547
2	76825000	76875000	0.0466956656261257	0.386322237950551
2	213825000	213875000	0.046518630470815	0.380016609311192
2	191175000	191225000	0.046462065038076	0.386450596157861
2	26375000	26425000	0.0464491422417088	0.381318704655976
2	166775000	166825000	0.0463290422379239	0.393287735212135
2	108775000	108825000	0.0463162885563995	0.386661150225047
2	11775000	11825000	0.0462995359302578	0.383707676719467
2	239925000	239975000	0.0462171727528964	0.393460651955452
2	106325000	106375000	0.0460004277126345	0.383589304242998
2	206825000	206875000	0.0459756273331754	0.396008173647035
2	134275000	134325000	0.0458334319889695	0.386660273378985
2	173575000	173625000	0.0457446985410073	0.383428139233795
2	44075000	44125000	0.0456023782322278	0.384020484348077
2	127775000	127825000	0.0455508450424467	0.387887726948725
2	32025000	32075000	0.0455036510722227	0.390265522855312
2	109175000	109225000	0.0454039289022923	0.372467851089009
2	233375000	233425000	0.0453614930896462	0.39047351054434
2	49125000	49175000	0.0453010576991494	0.389520121603532
2	202675000	202725000	0.0452577808060269	0.384012593182552
2	84575000	84625000	0.0451999876352938	0.391603225768192
2	174925000	174975000	0.0451064584833895	0.385094408522868
2	171225000	171275000	0.0446885282407368	0.384888402698668
2	179275000	179325000	0.044629487338728	0.391504450938353
2	238725000	238775000	0.0445721274858376	0.390649363454444
2	229575000	229625000	0.0445601649468008	0.386970160664721
2	225325000	225375000	0.044549275949772	0.373651941290856
2	99425000	99475000	0.0444306859172466	0.382473437867254
2	147425000	147475000	0.0443125239303668	0.382182392438587
2	216125000	216175000	0.044142089364207	0.387678783735175
2	120425000	120475000	0.0440740047935076	0.392444437949805
2	76375000	76425000	0.0440522213108945	0.382555164677807
2	57725000	57775000	0.0439702822771699	0.396669452549126
2	134825000	134875000	0.0437594601232197	0.383828686896657
2	156725000	156775000	0.0436784699176328	0.373135977842828
2	133925000	133975000	0.0436712120321106	0.390080558434837
2	139575000	139625000	0.0436537540488628	0.398527604119832
2	44575000	44625000	0.0433887670125068	0.384191047382094
2	197325000	197375000	0.0432258863803612	0.381416371207331
2	127525000	127575000	0.0430526005261024	0.388044751485816
2	211275000	211325000	0.0428931077706278	0.382707046701019
2	160525000	160575000	0.0428380058274707	0.380491761847479
2	148075000	148125000	0.0427833063741577	0.378008378323377
2	147075000	147125000	0.0427169128406746	0.382532413942936
2	103425000	103475000	0.0425192725050084	0.391850461759071
2	73925000	73975000	0.0425114379856805	0.377173354945959
2	240325000	240375000	0.0424866538186931	0.385542185781052
2	162275000	162325000	0.0424264067091185	0.390268928271003
2	75125000	75175000	0.0424048604449709	0.378623529679596
2	162975000	163025000	0.0424029931584219	0.382263960505314
2	143375000	143425000	0.0423320928850737	0.387595923511361
2	165525000	165575000	0.0422854805248346	0.387032648477421
2	203675000	203725000	0.0421036930822732	0.375749482258977
2	106125000	106175000	0.0420031435015816	0.379719524410315
2	198025000	198075000	0.0419132179289199	0.370796623368973
2	44675000	44725000	0.0418898055993243	0.382699039743184
2	173325000	173375000	0.0418516859842912	0.381039771132379
2	30025000	30075000	0.0417818125132767	0.379783133610478
2	33575000	33625000	0.0417798411693103	0.378035890327633
2	69925000	69975000	0.041696831015835	0.37712150184059
2	625000	675000	0.0415961945535027	0.39196080282486
2	100825000	100875000	0.0415826021814969	0.384193178121294
2	240925000	240975000	0.0415100697332282	0.388878163394186
2	242525000	242575000	0.041236045357699	0.381042851217718
2	39975000	40025000	0.041218119464914	0.38763027028851
2	238375000	238425000	0.0410450385669381	0.383900710744592
2	46825000	46875000	0.0409554137204686	0.372335852512478
2	189825000	189875000	0.0409374647017563	0.385183156384559
2	73075000	73125000	0.0408123932862583	0.385646723770889
2	167375000	167425000	0.040594311587494	0.387568566069552
2	80525000	80575000	0.0405001312610249	0.387010482116784
2	202575000	202625000	0.0404819497430717	0.378833833582854
2	209075000	209125000	0.0403085226186102	0.380930834744255
2	174225000	174275000	0.0402805124452689	0.376796506345147
2	119625000	119675000	0.0402611514435589	0.392112968761898
2	168975000	169025000	0.0402497680557015	0.383682391219484
2	129075000	129125000	0.0401402315419337	0.389651095661572
2	25175000	25225000	0.0400293976780283	0.374217441210546
2	190625000	190675000	0.0400198670125073	0.375087535907777
2	17825000	17875000	0.0398742243674848	0.384090048161243
2	217025000	217075000	0.0397926470188832	0.385731440100603
2	96975000	97025000	0.0397058224172722	0.380637458601655
2	147325000	147375000	0.0396422280083778	0.378067991543467
2	236675000	236725000	0.0395154416780278	0.385250183061122
2	219125000	219175000	0.0393112882010948	0.380109164200745
2	70825000	70875000	0.0392340922084845	0.374085143097985
2	40075000	40125000	0.0390819694201884	0.387039805600876
2	178925000	178975000	0.0390770257420342	0.379669039826018
2	144875000	144925000	0.0390066893438865	0.376821091786844
2	232425000	232475000	0.0389678624034498	0.37287098688062
2	55075000	55125000	0.0389571264511283	0.375070725556966
2	55725000	55775000	0.0389063068190268	0.377161022104899
2	106575000	106625000	0.0388979970454471	0.377404647817477
2	26975000	27025000	0.0388854154811035	0.382646872678129
2	176175000	176225000	0.0388181089421504	0.38492863154515
2	128225000	128275000	0.038788451838054	0.379645980663191
2	157725000	157775000	0.0385262797780609	0.364669161786397
2	183825000	183875000	0.0384773312631838	0.382104048061751
2	10775000	10825000	0.0384153378274742	0.374288252888417
2	114475000	114525000	0.0383222624143117	0.350403076328394
2	36525000	36575000	0.0383215862508858	0.388227069789908
2	72925000	72975000	0.0381898787518059	0.385851878690464
2	163975000	164025000	0.0380002903869618	0.391539533129276
2	188425000	188475000	0.0379843161830232	0.385178588168476
2	228475000	228525000	0.0378972922011218	0.381588323595488
2	43325000	43375000	0.0378504507382785	0.370714956660832
2	37875000	37925000	0.0377746905921127	0.372815908854827
2	156925000	156975000	0.0376219376259564	0.366040975280755
2	199175000	199225000	0.0375417725319117	0.384955178579724
2	105675000	105725000	0.0374394590211178	0.379168909669837
2	61375000	61425000	0.0374336664836998	0.375492067422292
2	34275000	34325000	0.0373251590731173	0.383879697744177
2	122875000	122925000	0.0372869324039979	0.3732652412428
2	204025000	204075000	0.0368605243078252	0.3768906730637
2	210075000	210125000	0.0366352029168612	0.385968523359678
2	26575000	26625000	0.0365470649871152	0.375729107156755
2	146525000	146575000	0.0363359542499426	0.387121228259061
2	39225000	39275000	0.0359956409935796	0.370489147356783
2	210425000	210475000	0.0359902595025976	0.380402480287057
2	3975000	4025000	0.0359012066206558	0.38443527579083
2	77125000	77175000	0.035712248897137	0.380426075758405
2	101825000	101875000	0.0356988325384526	0.37538208729363
2	3375000	3425000	0.0356752281740463	0.376150808480357
2	241075000	241125000	0.0355204414418346	0.382225063862881
2	165375000	165425000	0.0354472110340662	0.380623223470043
2	71475000	71525000	0.0352697033701694	0.372310189415912
2	237525000	237575000	0.0352204883418073	0.366934531543368
2	27225000	27275000	0.0352143271318296	0.374252522814668
2	174075000	174125000	0.0352095494607824	0.370981552759317
2	63275000	63325000	0.0351320426480141	0.370695614379792
2	165275000	165325000	0.0350996433444506	0.380561552102688
2	19575000	19625000	0.0350778225512501	0.377359143250564
2	159275000	159325000	0.0350137791789804	0.377274961893014
2	216275000	216325000	0.0349881778040136	0.377970543275757
2	224175000	224225000	0.0349802753595264	0.368990811639617
2	144375000	144425000	0.0349749524123674	0.366987154008046
2	239375000	239425000	0.0349481601437172	0.390576975964553
2	34975000	35025000	0.0348965007481797	0.387342185568698
2	178175000	178225000	0.0348728296251498	0.374253026890756
2	113975000	114025000	0.0348318478657955	0.343340459341474
2	189325000	189375000	0.0347844253790802	0.386609411097372
2	75275000	75325000	0.0347472405805094	0.374714052050229
2	179575000	179625000	0.0347237084332541	0.378519618996358
2	167025000	167075000	0.0345890879855226	0.38346750466046
2	177675000	177725000	0.0345708349111912	0.373261784748157
2	60425000	60475000	0.0345401269740491	0.374289766235987
2	174675000	174725000	0.0343679511233112	0.373115916827218
2	157825000	157875000	0.0343572127427035	0.360450290974622
2	121425000	121475000	0.0343488753065663	0.382983557111294
2	204725000	204775000	0.0343197052274573	0.3811846288406
2	219975000	220025000	0.0342478607623414	0.374142016577587
2	207525000	207575000	0.034049509850347	0.377187337869471
2	13275000	13325000	0.0339247459507322	0.379945103045642
2	72375000	72425000	0.033743091879735	0.380983446006644
2	58425000	58475000	0.0336425273903813	0.380412335584602
2	24325000	24375000	0.0335942400569922	0.375635680070019
2	128625000	128675000	0.0335780515681643	0.381454356320821
2	56275000	56325000	0.0335729442776994	0.375964664109509
2	120925000	120975000	0.0335128791568867	0.379945383549312
2	6675000	6725000	0.0332590123960903	0.373090159041652
2	224275000	224325000	0.0332400981220431	0.367572700080048
2	236475000	236525000	0.0331719938535779	0.38204472184411
2	54325000	54375000	0.0331548972518728	0.376580273770301
2	224375000	224425000	0.0331355628749458	0.367790230510865
2	161125000	161175000	0.0330685604219198	0.376997824123029
2	238475000	238525000	0.0330081513767223	0.376103061795856
2	12275000	12325000	0.0329973600935372	0.375205746665612
2	237625000	237675000	0.0329458082668092	0.366300336467314
2	169975000	170025000	0.0329438959497263	0.368061242764253
2	241675000	241725000	0.0329017387589413	0.370818314298513
2	63425000	63475000	0.0328243611179105	0.367039200493501
2	53875000	53925000	0.0328054303440836	0.384523550202679
2	226525000	226575000	0.0327113121747105	0.386411999500318
2	98725000	98775000	0.0326800392218455	0.363596573254126
2	146775000	146825000	0.0326541866093811	0.377104504139403
2	239175000	239225000	0.0326331624313952	0.386939660323983
2	233675000	233725000	0.0326145751204605	0.370095536566742
2	133325000	133375000	0.0326016345981247	0.37565829203182
2	35625000	35675000	0.0325957507182426	0.383275358985415
2	171975000	172025000	0.0325346269190716	0.371670216405799
2	80175000	80225000	0.0325276748806695	0.384933380691196
2	181325000	181375000	0.0324777118544812	0.375960818259815
2	233175000	233225000	0.0322861718444555	0.380154343692169
2	102575000	102625000	0.0321410383681854	0.369130418689128
2	19025000	19075000	0.031800047921966	0.380697085472791
2	242275000	242325000	0.0316879763229932	0.374810376652686
2	210175000	210225000	0.0316505933473278	0.379834951787459
2	105525000	105575000	0.0316208312525428	0.37903518751802
2	127925000	127975000	0.0314179322235077	0.372161652697724
2	144575000	144625000	0.0314059184130533	0.365739000347644
2	1825000	1875000	0.0313321074517222	0.386027720134102
2	98625000	98675000	0.0313245322463539	0.36181520880372
2	185425000	185475000	0.0311766615906395	0.377905812772978
2	180225000	180275000	0.0311664439225416	0.372532811496028
2	99725000	99775000	0.0311312672526189	0.374004633564506
2	207425000	207475000	0.0311206605684706	0.374683022317044
2	187525000	187575000	0.0310379830603416	0.372157793796369
2	218325000	218375000	0.0309945363891042	0.377400787240868
2	172525000	172575000	0.0309242058610604	0.37012694852638
2	128425000	128475000	0.0309060795092109	0.376239655521685
2	202475000	202525000	0.030764542741073	0.368713498044113
2	124725000	124775000	0.0306647623738882	0.384203301473929
2	180625000	180675000	0.0306312368956987	0.376539065299993
2	37325000	37375000	0.0305710855766526	0.371728410375133
2	241775000	241825000	0.0303228288313018	0.370674095587958
2	32975000	33025000	0.0302739807955616	0.383881774721081
2	219825000	219875000	0.0302043736639857	0.373090176822726
2	197475000	197525000	0.0301970273250773	0.37445557698808
2	202275000	202325000	0.0301736068972885	0.367316705126843
2	70975000	71025000	0.0301665629517119	0.365522868108037
2	241975000	242025000	0.0301476832114997	0.375368332402325
2	160225000	160275000	0.0299071089463591	0.365544091037624
2	7825000	7875000	0.0298937599699085	0.369464342272992
2	18575000	18625000	0.0297924777669367	0.38089360325108
2	80825000	80875000	0.0297590366424511	0.378803549908316
2	178275000	178325000	0.0297562776766787	0.369564744083576
2	158825000	158875000	0.029669993683749	0.379299750569711
2	15325000	15375000	0.0296613658403388	0.381048645394788
2	138125000	138175000	0.0296507205098792	0.374004392181077
2	139125000	139175000	0.0295771424953234	0.37527914881511
2	171075000	171125000	0.0293783685272631	0.369058140152349
2	236025000	236075000	0.0293311377924686	0.377712700555164
2	207625000	207675000	0.0293167677543715	0.372030062044046
2	207875000	207925000	0.0289435675169835	0.370595527483034
2	211475000	211525000	0.0289085561522856	0.3745189834535
2	180325000	180375000	0.0288816302313123	0.373457777219244
2	69725000	69775000	0.0288087790030737	0.364979118895686
2	50725000	50775000	0.0287935521527047	0.388513268856321
2	149625000	149675000	0.0287529977643384	0.370119279037396
2	54175000	54225000	0.0286671233933048	0.374856747691789
2	162375000	162425000	0.0286576661276875	0.376468145973192
2	28225000	28275000	0.0285107029641398	0.364709905371398
2	29775000	29825000	0.0283851115737077	0.364237512482221
2	61725000	61775000	0.0283668017268682	0.375434014588182
2	99925000	99975000	0.0283332157756362	0.37442699166211
2	195675000	195725000	0.0282723597754542	0.374087175743613
2	28325000	28375000	0.0282632143760383	0.364461824269524
2	78825000	78875000	0.0282475804232866	0.378212501816994
2	203225000	203275000	0.0282453649030567	0.362776244307385
2	120025000	120075000	0.0281454377151361	0.377631160221274
2	16525000	16575000	0.0280279493138937	0.369151750467413
2	70275000	70325000	0.0280088585248297	0.361471640461729
2	128025000	128075000	0.0279292548470652	0.367610867699908
2	166575000	166625000	0.0278279706820652	0.371501636934211
2	149025000	149075000	0.0277680702746862	0.365351463566684
2	229225000	229275000	0.027539065270922	0.370013547584755
2	121825000	121875000	0.0274812392825099	0.379734192503396
2	106825000	106875000	0.0273983261051132	0.367540854261895
2	133425000	133475000	0.0273672571865014	0.372181025355231
2	163675000	163725000	0.0272878833166373	0.378020877466374
2	232075000	232125000	0.0271865041097811	0.35684089825292
2	170075000	170125000	0.0271601503516877	0.362760293728055
2	72125000	72175000	0.0270928780203136	0.371482934047443
2	138225000	138275000	0.0270833351072498	0.370546957301165
2	205075000	205125000	0.0270559158480945	0.379118797519307
2	127225000	127275000	0.0269864795532777	0.377537541834339
2	233525000	233575000	0.026940480994137	0.368236970444625
2	179725000	179775000	0.0268960754386822	0.363860100531698
2	217375000	217425000	0.0268794403738248	0.373158795289899
2	192025000	192075000	0.0268363193849363	0.372161100334733
2	72775000	72825000	0.0268181912888729	0.375582081313366
2	68875000	68925000	0.0268169557138221	0.364618552348779
2	219525000	219575000	0.0268087454489638	0.372331388376505
2	242125000	242175000	0.0267048801207568	0.371816637132254
2	120225000	120275000	0.0266466297286772	0.375231771941595
2	185175000	185225000	0.0266215654190042	0.371156088510926
2	40775000	40825000	0.0265259597719277	0.382774187521396
2	62425000	62475000	0.0265121551331113	0.362829181594942
2	219675000	219725000	0.0264299168048066	0.372307367307042
2	200325000	200375000	0.0263723539652495	0.37625063582372
2	230825000	230875000	0.0261741636603285	0.371967257478772
2	73175000	73225000	0.0261191433059759	0.366767321663665
2	29625000	29675000	0.02604213132253	0.359138073283407
2	68525000	68575000	0.0260337919035606	0.361552023549818
2	118725000	118775000	0.0259963901124958	0.384249783972954
2	28075000	28125000	0.025993979940523	0.362194071118441
2	136875000	136925000	0.0259305719137116	0.358912224110433
2	77575000	77625000	0.0259226026645485	0.37826731133108
2	12825000	12875000	0.0257194508255743	0.375251041328994
2	16425000	16475000	0.0256686026774505	0.371796192583545
2	224025000	224075000	0.0255839841157446	0.359111421878964
2	141675000	141725000	0.0253591338111013	0.380517171370247
2	187975000	188025000	0.0253246609752273	0.369494709944275
2	49675000	49725000	0.0253189631537027	0.37547031710614
2	20275000	20325000	0.0253144323347745	0.35995995874583
2	199525000	199575000	0.0252910937433445	0.373997956954178
2	119925000	119975000	0.0252869147827262	0.375337239308241
2	66575000	66625000	0.0251839068228273	0.379656492747108
2	219225000	219275000	0.0251821635303521	0.366648736390317
2	130125000	130175000	0.0251805462960085	0.373914164282701
2	123025000	123075000	0.0251226637860778	0.364478645389259
2	142875000	142925000	0.0251223551275757	0.380931485698976
2	79475000	79525000	0.025099716820881	0.376648833187459
2	81925000	81975000	0.0250986329412585	0.373947149411921
2	181425000	181475000	0.0250698505340651	0.371762528934687
2	75675000	75725000	0.0250562942204313	0.369909284975081
2	149525000	149575000	0.0250499748038714	0.366209740552456
2	160325000	160375000	0.0249755373152031	0.361284777382716
2	129475000	129525000	0.0248369457848498	0.376093402905879
2	154375000	154425000	0.0247542678292682	0.379043753934571
2	230125000	230175000	0.0247164550560028	0.369197364655049
2	6275000	6325000	0.0246295810033201	0.373479193354286
2	52975000	53025000	0.0246207305724713	0.377576652715573
2	31825000	31875000	0.0245513389312794	0.369399928642316
2	77875000	77925000	0.0245181562157346	0.381950119419109
2	81575000	81625000	0.0245105831644092	0.378609236525157
2	100675000	100725000	0.024465927236978	0.369111913466257
2	167125000	167175000	0.0244326135608335	0.372766983894948
2	17525000	17575000	0.0243853491398139	0.373809271719438
2	82275000	82325000	0.0243011414902815	0.376175371211268
2	97475000	97525000	0.0242324919159055	0.365835693907395
2	188725000	188775000	0.0241908332590672	0.373740926954338
2	123175000	123225000	0.024179548886935	0.366913203254494
2	151475000	151525000	0.0241366275730523	0.37584864784779
2	145125000	145175000	0.0241271835272423	0.368800499494996
2	212975000	213025000	0.0241096624702136	0.37114884756737
2	136025000	136075000	0.0240955811836786	0.369493750270373
2	214325000	214375000	0.0240521669936076	0.366704155829411
2	36175000	36225000	0.0240194231347766	0.377186369693037
2	137525000	137575000	0.0239660380051155	0.373565003390581
2	61875000	61925000	0.0239146201780689	0.36779149448621
2	23175000	23225000	0.0238232525198623	0.381948946530206
2	209675000	209725000	0.023816128829968	0.37413812475368
2	179125000	179175000	0.0238099985739822	0.366932129740041
2	213975000	214025000	0.0238034445976685	0.35705172698457
2	185075000	185125000	0.0237460623855119	0.370378236744214
2	84175000	84225000	0.0236816261052302	0.376254652096595
2	212575000	212625000	0.0236775320283425	0.377089049481631
2	206525000	206575000	0.0236632668265436	0.374240224699717
2	156375000	156425000	0.023631024362382	0.35490585526077
2	197575000	197625000	0.0235941505263518	0.37189807674671
2	31325000	31375000	0.0234932228359903	0.366908823850017
2	177275000	177325000	0.0234743958856862	0.361904367435303
2	184925000	184975000	0.0231382091537189	0.372916860412591
2	201125000	201175000	0.0229791258527655	0.367931904678298
2	151275000	151325000	0.0229585595097109	0.374660534407853
2	235775000	235825000	0.0229525672257974	0.367704978153218
2	201525000	201575000	0.0228696734423277	0.363045070669776
2	195375000	195425000	0.0226972201841107	0.373036601634806
2	241875000	241925000	0.0226678019920806	0.365453759965821
2	13575000	13625000	0.0225808320246074	0.367163620519168
2	231275000	231325000	0.0225521148619076	0.364083733160298
2	181125000	181175000	0.0225129031814928	0.363725486590581
2	32575000	32625000	0.0224147176085558	0.376651194201146
2	31075000	31125000	0.0223617291876733	0.363136088416835
2	1075000	1125000	0.0222441880081729	0.371979210893638
2	186825000	186875000	0.0221922125753473	0.37256874493381
2	30675000	30725000	0.0221775792694691	0.358725951642847
2	36075000	36125000	0.0220565769400177	0.376317885395924
2	66825000	66875000	0.0220540480630533	0.378153706321633
2	31725000	31775000	0.0220534717320675	0.366945420407078
2	15025000	15075000	0.0220374464195331	0.375366444842874
2	234325000	234375000	0.0219892109018334	0.364785974889067
2	237775000	237825000	0.0219468331585394	0.357762088857459
2	234775000	234825000	0.0218957755661374	0.379601625550766
2	8125000	8175000	0.0218851283990439	0.368728901219271
2	137625000	137675000	0.0218650454252908	0.375514060089851
2	21525000	21575000	0.0216617405527607	0.377498981206886
2	18375000	18425000	0.0216507583421419	0.371841529423802
2	6125000	6175000	0.021540270054008	0.372764556841338
2	128775000	128825000	0.0215353003670581	0.369868662839487
2	205175000	205225000	0.0214418977038611	0.374989910248808
2	8525000	8575000	0.0213914544424074	0.36953236773745
2	187075000	187125000	0.0213650129201305	0.367602148469892
2	32825000	32875000	0.0213418288569507	0.376456419522938
2	141275000	141325000	0.0212542590721262	0.377576382113843
2	164625000	164675000	0.0212434334937355	0.370721407981286
2	49825000	49875000	0.0212329344091842	0.373002185647454
2	150175000	150225000	0.0211907707285616	0.363589629623981
2	58075000	58125000	0.0211855492566587	0.361665862107842
2	138875000	138925000	0.0211621958684182	0.361768733437548
2	214625000	214675000	0.02116024848297	0.371176661688416
2	204875000	204925000	0.0211154712698369	0.370208091193581
2	34775000	34825000	0.02110278531009	0.37109719625591
2	118925000	118975000	0.021041112985809	0.380407189008253
2	52675000	52725000	0.0210323251633759	0.375148956045917
2	159175000	159225000	0.0209398587998368	0.364894356518918
2	206975000	207025000	0.0209108520050976	0.374985209257826
2	19375000	19425000	0.0208244181365623	0.364976416501641
2	229675000	229725000	0.0207973311867735	0.363583856701262
2	41625000	41675000	0.0207629418031512	0.373293893931668
2	75425000	75475000	0.0207432443745952	0.36445819807941
2	19825000	19875000	0.0206104006594771	0.360553374276585
2	161275000	161325000	0.0206030258690768	0.366381411468413
2	214725000	214775000	0.0205739701130759	0.372581261145935
2	229875000	229925000	0.0205726359764804	0.364112221084105
2	239775000	239825000	0.020564497903313	0.370967629704777
2	5375000	5425000	0.0205636549349223	0.376569781675354
2	27125000	27175000	0.0205221830918265	0.36144968338034
2	233275000	233325000	0.0204878652698648	0.368143568060696
2	136175000	136225000	0.0204832762648292	0.366882583713014
2	77425000	77475000	0.0203995540757063	0.370200635473817
2	59525000	59575000	0.0203294983919541	0.374823756459826
2	40425000	40475000	0.0202324592614034	0.373600194191911
2	162125000	162175000	0.0201441408295796	0.368034724966034
2	60125000	60175000	0.0200998615468321	0.364764373744081
2	81675000	81725000	0.0200053285948161	0.370830546385452
2	8425000	8475000	0.0199767821215124	0.369155884819125
2	53425000	53475000	0.0199043717331924	0.373776161173624
2	23375000	23425000	0.0197559546862598	0.375142102939922
2	19275000	19325000	0.0196676170771008	0.364754954275062
2	235125000	235175000	0.0196657652504106	0.367641761141192
2	108125000	108175000	0.0195813489182597	0.373810124972241
2	199875000	199925000	0.0195600272515276	0.365901549578739
2	155825000	155875000	0.0195158510412471	0.363359119523396
2	82075000	82125000	0.0195095254857599	0.369654776206561
2	207225000	207275000	0.0194415115525755	0.368541207990845
2	37125000	37175000	0.0194239025407294	0.362899140757968
2	56975000	57025000	0.0194082177409931	0.374478269239686
2	50375000	50425000	0.0194010142908634	0.376575480102292
2	186625000	186675000	0.0192737228187937	0.372961772624218
2	153975000	154025000	0.0192509738591854	0.368864732532267
2	66225000	66275000	0.0192374668166663	0.37122488813479
2	49925000	49975000	0.0192201188998936	0.372067968328719
2	227475000	227525000	0.0191365926642653	0.360102417279903
2	59875000	59925000	0.018835867413691	0.367596107057033
2	35875000	35925000	0.0187983352247063	0.372817987839292
2	21075000	21125000	0.0186860943177641	0.355796653703478
2	194075000	194125000	0.0186641575656268	0.377122341575554
2	182825000	182875000	0.0186606000665381	0.361566662444354
2	32425000	32475000	0.018612948022843	0.369272058394635
2	194975000	195025000	0.0186125416533248	0.374984677080736
2	188875000	188925000	0.0185963381187337	0.369501116576118
2	215875000	215925000	0.0185648397898336	0.367687156260475
2	49425000	49475000	0.0184857349811417	0.36594059345719
2	211875000	211925000	0.0184833504783948	0.374236020839087
2	189225000	189275000	0.0184046822872085	0.370584083640931
2	150625000	150675000	0.0183949239609991	0.367031895188527
2	38325000	38375000	0.0183126697239173	0.349300281940606
2	23725000	23775000	0.0183097179889007	0.368006363591303
2	4075000	4125000	0.0183050374659405	0.369575234753198
2	84975000	85025000	0.018263322774797	0.356299355770489
2	221525000	221575000	0.0182630710715504	0.37139942745314
2	3175000	3225000	0.0182276894579748	0.364375386648305
2	191625000	191675000	0.0182191949692902	0.371785733008101
2	84075000	84125000	0.0181728708553311	0.371710808601302
2	13925000	13975000	0.0181632982995136	0.366847080454268
2	161525000	161575000	0.0181567789854871	0.367017034415202
2	136275000	136325000	0.0181223054161587	0.36518903843867
2	82875000	82925000	0.0180898688380701	0.37524260857129
2	77725000	77775000	0.0180811918152258	0.372969527750179
2	5475000	5525000	0.0180425169999247	0.374491679514796
2	163375000	163425000	0.0180032555748506	0.364076809666225
2	200175000	200225000	0.0179123255554878	0.366611687570205
2	164175000	164225000	0.0178257151197368	0.372000329279913
2	129775000	129825000	0.0178002080779124	0.370365859949984
2	234625000	234675000	0.0177650371832277	0.371224889749826
2	142975000	143025000	0.0176379943349702	0.37217125035414
2	205575000	205625000	0.0175921522028131	0.37527278591694
2	190725000	190775000	0.017537158475763	0.352856956352537
2	83475000	83525000	0.0175181167015884	0.375554251630452
2	240625000	240675000	0.0174526381274679	0.362664450939126
2	21875000	21925000	0.0173794415773244	0.372544572347429
2	96775000	96825000	0.0173672265306374	0.361783805559623
2	5675000	5725000	0.0173057122485554	0.374640946312305
2	207125000	207175000	0.0172472200783759	0.371459717476893
2	56725000	56775000	0.0171875574472712	0.367680565227973
2	194225000	194275000	0.0171577295954726	0.370208364005991
2	12475000	12525000	0.0170483789303622	0.36395519987219
2	209975000	210025000	0.0170416488715286	0.367523931317031
2	137875000	137925000	0.0169851312498133	0.366010225205048
2	139425000	139475000	0.0169797532911141	0.368796322111689
2	227025000	227075000	0.0169118041534703	0.373269907499062
2	59625000	59675000	0.0169031621795477	0.369759129268982
2	4825000	4875000	0.0168481198642053	0.372395756531499
2	167825000	167875000	0.016842277624374	0.369203037691855
2	51325000	51375000	0.0168151698532159	0.375662860343178
2	239475000	239525000	0.0167989802596683	0.371921389136757
2	58275000	58325000	0.0167269106448563	0.357628360361122
2	143225000	143275000	0.0167178053143479	0.367019893156951
2	67475000	67525000	0.0166319990181705	0.37099495972132
2	164525000	164575000	0.0166230756648728	0.367825439564431
2	153125000	153175000	0.0166148361745767	0.361000493705225
2	82425000	82475000	0.0165383983802574	0.369709362351383
2	275000	325000	0.0164139828365351	0.374518293015825
2	117475000	117525000	0.0163537975126786	0.37551478804383
2	78175000	78225000	0.0163167636427003	0.373091614263408
2	142425000	142475000	0.0162489757755066	0.372204417092002
2	22025000	22075000	0.0162417745307363	0.371118858207689
2	49525000	49575000	0.0162178021920388	0.364751258858643
2	236875000	236925000	0.0161299824667474	0.358402259458855
2	146225000	146275000	0.0160988156559339	0.371777239763486
2	194475000	194525000	0.0160899147727636	0.370443130216596
2	220375000	220425000	0.0160849111634355	0.358776452036673
2	186025000	186075000	0.0160593936924364	0.374806807605545
2	199675000	199725000	0.0160532285000126	0.362101896165315
2	101025000	101075000	0.0160167777469361	0.357384422437993
2	191375000	191425000	0.0159829262589471	0.361187919110062
2	143575000	143625000	0.0159338322125728	0.354479986550439
2	226125000	226175000	0.0159246351681583	0.360626275472988
2	116425000	116475000	0.0158666226516397	0.372522914368653
2	165125000	165175000	0.0158598293317043	0.361750582573333
2	220975000	221025000	0.0158356457452943	0.368110819859176
2	53275000	53325000	0.0157849207543007	0.369351421095622
2	155475000	155525000	0.0157717453013031	0.363204150984043
2	41075000	41125000	0.015749697290563	0.374105575180446
2	2975000	3025000	0.015744883540802	0.367564697615151
2	47375000	47425000	0.0156438532059808	0.346164494151189
2	194825000	194875000	0.015642332220171	0.37427675038885
2	186525000	186575000	0.0156319959135426	0.370975804442447
2	185675000	185725000	0.0156064496975372	0.369489399808538
2	200575000	200625000	0.0155762156326981	0.366197192142642
2	5875000	5925000	0.0155676352622336	0.370749712776838
2	193525000	193575000	0.0155657363491323	0.374587076984877
2	125525000	125575000	0.0155355582765816	0.373654763957661
2	14625000	14675000	0.0155077087176202	0.367982511783281
2	4375000	4425000	0.0154623717016054	0.371377412064689
2	168675000	168725000	0.0153681107526572	0.367530214464631
2	83075000	83125000	0.0153491492710481	0.373801535632358
2	126925000	126975000	0.0153419654583722	0.372638233289392
2	155575000	155625000	0.0153418994562021	0.36970732215452
2	184825000	184875000	0.0153413905877233	0.367217693113376
2	212025000	212075000	0.0153399827739492	0.373989285730588
2	221975000	222025000	0.0153246241433417	0.363631308956842
2	154675000	154725000	0.0152254236251916	0.373701006596051
2	123525000	123575000	0.0152119498058537	0.364216421275662
2	161375000	161425000	0.0151918602767896	0.362202993808278
2	35325000	35375000	0.0151873359681655	0.368941120670289
2	234475000	234525000	0.015162564167652	0.363507981818898
2	184725000	184775000	0.0151015989555014	0.369075552747934
2	242425000	242475000	0.0150808462429854	0.356213889890874
2	184425000	184475000	0.0150079383259023	0.36697809357563
2	233025000	233075000	0.0150042176984429	0.359694268712599
2	16075000	16125000	0.0149711994311348	0.367315945589353
2	227275000	227325000	0.0149434473474582	0.364983995769198
2	221425000	221475000	0.014907243863472	0.369615853986108
2	135875000	135925000	0.0148903559950124	0.359287386720216
2	58775000	58825000	0.0148401064573662	0.370133061633155
2	108225000	108275000	0.0148121856872571	0.367397727080004
2	17375000	17425000	0.0147967749566725	0.36682474692923
2	171525000	171575000	0.0147950954362213	0.35536884844431
2	67875000	67925000	0.0147949273201664	0.369237091715661
2	103775000	103825000	0.0147653826601054	0.372190527543793
2	126225000	126275000	0.0147322167356193	0.369044141318874
2	68025000	68075000	0.0147210142104827	0.367553624048464
2	82525000	82575000	0.0147208415089375	0.368756294980156
2	214825000	214875000	0.0147072227878527	0.368705391648125
2	168525000	168575000	0.014648769537012	0.371255723212572
2	239025000	239075000	0.0146315738986616	0.366194984483256
2	17275000	17325000	0.0146090375985247	0.364826670681286
2	59175000	59225000	0.014509012795587	0.37128643977257
2	186125000	186175000	0.0144996541478595	0.372674684500421
2	152575000	152625000	0.0144594247947528	0.356740768611748
2	184525000	184575000	0.0144494987663561	0.367640703686522
2	51875000	51925000	0.0143862572512422	0.373974234870302
2	117175000	117225000	0.0143415873224748	0.372825131073191
2	14225000	14275000	0.0143192192140804	0.367326537933634
2	24825000	24875000	0.0142591922208229	0.352329663290694
2	14025000	14075000	0.014255149339575	0.364771004771786
2	227375000	227425000	0.014247806946013	0.359750993464702
2	142675000	142725000	0.0142072632613793	0.37163562214725
2	107525000	107575000	0.0141978670899415	0.367939173279337
2	44425000	44475000	0.0141843370594951	0.354976186767675
2	2825000	2875000	0.0141758377577866	0.36863153103696
2	78325000	78375000	0.0141615411316852	0.370033398749109
2	129925000	129975000	0.0141578100132376	0.365591583340299
2	125975000	126025000	0.0141570823761636	0.367349194773749
2	182125000	182175000	0.0140983728738586	0.351863848695569
2	56625000	56675000	0.0140640157175066	0.362112099154269
2	925000	975000	0.0140538588778867	0.363998743558649
2	104575000	104625000	0.0140370772618435	0.376138629833937
2	217225000	217275000	0.0140354582702299	0.361254665415961
2	8625000	8675000	0.0140092248335501	0.360118292804283
2	167675000	167725000	0.0140011911095422	0.362477192216783
2	151625000	151675000	0.0139984065205814	0.367208791428724
2	81225000	81275000	0.0139920542573431	0.371473666603286
2	115425000	115475000	0.0139279141095378	0.375445596523155
2	125325000	125375000	0.0139093744709123	0.370878856663023
2	209525000	209575000	0.0138599012457209	0.362947412481299
2	83225000	83275000	0.0138500029708585	0.372146295045001
2	176525000	176575000	0.0138034839861466	0.369098839267233
2	72525000	72575000	0.0137457461715558	0.362561355888516
2	39775000	39825000	0.0137131775444297	0.357088511590944
2	34675000	34725000	0.0136837158816618	0.364420004415287
2	150825000	150875000	0.0136647372768775	0.365748335251626
2	35225000	35275000	0.0136557100894938	0.370794963487217
2	125875000	125925000	0.0136538140817818	0.369276653188353
2	22325000	22375000	0.0136377917219403	0.373097067169943
2	33275000	33325000	0.0135916436594884	0.360410991502297
2	83975000	84025000	0.0135661364913555	0.368068985991932
2	40975000	41025000	0.0135479530548305	0.371201280897909
2	79775000	79825000	0.0135014568203721	0.36758579140924
2	33175000	33225000	0.013490718737706	0.36383116614201
2	41475000	41525000	0.0134687050759962	0.372994831182509
2	168125000	168175000	0.0134358669973616	0.373566144985325
2	167925000	167975000	0.0134031582037871	0.368353757578096
2	145275000	145325000	0.013370328465948	0.365721024339621
2	44925000	44975000	0.0133587928533924	0.354185411432931
2	83725000	83775000	0.013288880849479	0.37020400973657
2	81075000	81125000	0.0131909684333076	0.367508668624221
2	104675000	104725000	0.0131593995439541	0.373038673419961
2	50075000	50125000	0.0131331284318348	0.367598875146493
2	115675000	115725000	0.0131059622767278	0.374851649322591
2	217875000	217925000	0.0130899480985061	0.365865368697964
2	158475000	158525000	0.0130796695978889	0.3627353883524
2	115925000	115975000	0.0130580535341737	0.372922395169976
2	117875000	117925000	0.0130579876075121	0.37103069683486
2	118175000	118225000	0.0130472061640118	0.369187509758536
2	120575000	120625000	0.0130404912793657	0.361074748127907
2	116925000	116975000	0.0130243529547445	0.371177403980589
2	155025000	155075000	0.0129884122332185	0.364787877523618
2	118025000	118075000	0.0129688663425858	0.370025372753522
2	126525000	126575000	0.0128842065004068	0.374048019200767
2	67225000	67275000	0.0128761697326563	0.369758338723768
2	129325000	129375000	0.0128618592470822	0.36346371899259
2	221675000	221725000	0.012825176883066	0.363923934119747
2	82975000	83025000	0.0127933023633541	0.370847160801338
2	105025000	105075000	0.0127618948948045	0.371539649205387
2	215675000	215725000	0.0127228476694001	0.368799923473629
2	82725000	82775000	0.0127207885445939	0.368521850220669
2	191525000	191575000	0.0126826801544194	0.362720503315799
2	155725000	155775000	0.0126520272913495	0.363489627135477
2	151875000	151925000	0.0126492415711145	0.365300815632456
2	124875000	124925000	0.0126296110145968	0.369074834216141
2	1475000	1525000	0.0126021825440079	0.363962991711129
2	184625000	184675000	0.0125981004224433	0.367010355013047
2	209425000	209475000	0.0125588820576002	0.359765237935415
2	2575000	2625000	0.012542201940263	0.370042520178984
2	7975000	8025000	0.0125032134697556	0.355710391031411
2	57425000	57475000	0.0125018549192495	0.370706853643299
2	67675000	67725000	0.012449805048253	0.36561938651165
2	117325000	117375000	0.0124302456296854	0.371252512770619
2	239675000	239725000	0.0124281901619989	0.364937757029401
2	133775000	133825000	0.0123746115906245	0.36154077347168
2	140775000	140825000	0.0123630735801565	0.373299827853237
2	212275000	212325000	0.0123625981829456	0.370553364903333
2	133575000	133625000	0.0123396491559506	0.359789083427231
2	50875000	50925000	0.0121857129921466	0.372996251506701
2	193875000	193925000	0.0121712619380739	0.372083564787775
2	83325000	83375000	0.012167985698673	0.370360214914704
2	226625000	226675000	0.0121374116333935	0.368087860714196
2	51625000	51675000	0.0121120465673681	0.369702877369348
2	145925000	145975000	0.0120705023894216	0.370056115196158
2	145375000	145425000	0.012068187130274	0.369537136274559
2	40625000	40675000	0.0120495027542049	0.367243905433466
2	127025000	127075000	0.0120231165251055	0.367070982506139
2	78475000	78525000	0.0120027943005627	0.366971658914703
2	183275000	183325000	0.0119731345989389	0.354515983748741
2	222125000	222175000	0.0119417529641642	0.358852401566075
2	186425000	186475000	0.0118468014296931	0.368304681100612
2	215775000	215825000	0.0118461092838009	0.364445805421236
2	154925000	154975000	0.0118123261678317	0.366840384779157
2	102175000	102225000	0.0117797091819897	0.356958282723063
2	193375000	193425000	0.0117453394657318	0.37035975671103
2	151125000	151175000	0.0117436246631457	0.364928896129798
2	188125000	188175000	0.0117237579270983	0.356910552973819
2	22475000	22525000	0.0117194653246622	0.371989197837719
2	19175000	19225000	0.0117160955750081	0.358106609923516
2	205975000	206025000	0.0117134294347897	0.37292405020951
2	107725000	107775000	0.0117090023982585	0.368076340883466
2	188975000	189025000	0.011682032972524	0.36348993460465
2	49275000	49325000	0.0116635355128847	0.3575004967031
2	193225000	193275000	0.0116278118662405	0.365692859970255
2	81475000	81525000	0.0115054325041538	0.368877521435014
2	105125000	105175000	0.0114847324494063	0.370265693354195
2	57175000	57225000	0.0114803499295509	0.368369715832406
2	13775000	13825000	0.0113660395855207	0.357301711824089
2	41375000	41425000	0.0112820075982276	0.372579973798241
2	124275000	124325000	0.0112649794942688	0.369334682429996
2	22875000	22925000	0.0112382172568066	0.370584629554461
2	116325000	116375000	0.0112215422232478	0.368075731202952
2	140075000	140125000	0.01121358758791	0.37106279781916
2	119075000	119125000	0.011130998028365	0.368374978096834
2	100425000	100475000	0.0111105316201964	0.362826241175037
2	78675000	78725000	0.0110871715594872	0.363693261684141
2	116675000	116725000	0.011080783358767	0.368628934172386
2	58925000	58975000	0.01104092285534	0.367032547042089
2	21775000	21825000	0.011032975907447	0.366390138072986
2	215275000	215325000	0.0110046823881405	0.368916207370958
2	135475000	135525000	0.0109828535405579	0.352817163689035
2	181625000	181675000	0.0109640641452241	0.361221867759519
2	142575000	142625000	0.0109612834832684	0.367800475341389
2	130025000	130075000	0.0108762143339088	0.360959909990786
2	8325000	8375000	0.0108616596427324	0.360085295821176
2	114925000	114975000	0.0108579021864726	0.364172090142461
2	158575000	158625000	0.0106806858973649	0.364292386945161
2	22225000	22275000	0.0105696838162737	0.368157676276769
2	115325000	115375000	0.0105441744716682	0.371408161687771
2	22625000	22675000	0.0105358752497279	0.370617831119736
2	185825000	185875000	0.0105287731864528	0.368704002654651
2	141125000	141175000	0.0105194558264716	0.369017225630782
2	211625000	211675000	0.0105094271107667	0.3604672206901
2	210275000	210325000	0.0104931717324076	0.357528568169853
2	221125000	221175000	0.010477158169119	0.365148240593162
2	4675000	4725000	0.0104230093134102	0.366623608918339
2	1375000	1425000	0.0103412980443688	0.36074930620713
2	22775000	22825000	0.0102885288844036	0.370041847277828
2	103575000	103625000	0.0102682103465251	0.36306823772757
2	51975000	52025000	0.0102550577717149	0.370905681958046
2	168425000	168475000	0.0102465505696809	0.369816737554299
2	2125000	2175000	0.0102011236193402	0.3677551393148
2	217975000	218025000	0.0101913867735126	0.362559424208131
2	140525000	140575000	0.0101797780386369	0.370346735842792
2	2475000	2525000	0.0101534726771914	0.368871640899731
2	162525000	162575000	0.0101193231646493	0.357881740435584
2	221225000	221275000	0.0100627569911889	0.366331111622006
2	117025000	117075000	0.00999339601078914	0.368216231790896
2	58675000	58725000	0.00992117692838901	0.364748352763537
2	176775000	176825000	0.00989254330134848	0.362478991160096
2	51525000	51575000	0.00988634390542703	0.367733467342335
2	14775000	14825000	0.00987015601468882	0.363095676570672
2	226725000	226775000	0.0098337415079694	0.368033952343966
2	137325000	137375000	0.00982891302961209	0.351707324732832
2	23075000	23125000	0.00981948241902575	0.36835208252514
2	132425000	132475000	0.00981012519644914	0.339551015924266
2	145775000	145825000	0.00980552654508599	0.369251824394491
2	140425000	140475000	0.00973580572245547	0.36959484493904
2	137775000	137825000	0.00971746976506105	0.364525210379243
2	117725000	117775000	0.00971351916577995	0.36860243120954
2	12725000	12775000	0.00969464252811775	0.360608676236978
2	45425000	45475000	0.0096778133214091	0.349187738172454
2	164375000	164425000	0.0096676639490163	0.363456611966586
2	209775000	209825000	0.00957061074236926	0.360186513675334
2	145575000	145625000	0.00954335925738808	0.370230615371341
2	18175000	18225000	0.00948761798895081	0.357824254199638
2	2725000	2775000	0.00946389556045463	0.365137438823447
2	215525000	215575000	0.00946181968448828	0.367304945135026
2	151775000	151825000	0.00945213668584194	0.364160886227389
2	60625000	60675000	0.00939950891724944	0.345432047010982
2	51075000	51125000	0.00938346631538245	0.36968519136466
2	234975000	235025000	0.00936707535892056	0.36782495988361
2	145475000	145525000	0.00930966902180486	0.369557471579517
2	107625000	107675000	0.00929809087943079	0.364352413216732
2	146125000	146175000	0.00925587100706798	0.365662412588605
2	123875000	123925000	0.00924230724751485	0.363332139759376
2	193625000	193675000	0.00922702076241733	0.368519643658459
2	161675000	161725000	0.00922014580545388	0.358312279530053
2	154575000	154625000	0.00918401065040297	0.36626422799941
2	124525000	124575000	0.00903380861411984	0.360905304935523
2	97625000	97675000	0.00897886086846872	0.351990036977341
2	41725000	41775000	0.00897660898235964	0.356844111792212
2	1975000	2025000	0.00893164931421836	0.365056463503138
2	189625000	189675000	0.0089241710924754	0.359685909904477
2	15875000	15925000	0.00887077927224655	0.359926998553726
2	115825000	115875000	0.00884982148087926	0.369466701280706
2	104875000	104925000	0.00881018878153617	0.36758313320081
2	186225000	186275000	0.00879648748723938	0.366399134279253
2	36725000	36775000	0.00877421460604094	0.356885279660796
2	103925000	103975000	0.00877194893811595	0.369665931948786
2	5225000	5275000	0.00875568031082263	0.364097253389596
2	81325000	81375000	0.00868564565943525	0.368276532775398
2	107925000	107975000	0.00867382620194146	0.366189071578391
2	125175000	125225000	0.00859862285843693	0.364705812433821
2	228575000	228625000	0.00858853773658058	0.353648659581391
2	125075000	125125000	0.00855857067310323	0.364776919175971
2	124025000	124075000	0.00854755630172432	0.364874322419327
2	119225000	119275000	0.00851810516159723	0.363639989276091
2	35125000	35175000	0.00851444530668211	0.365749857320954
2	124375000	124425000	0.00849828084378756	0.364088701133785
2	146425000	146475000	0.00849494076089813	0.361814197361654
2	52525000	52575000	0.0084847552629585	0.367609957859366
2	116775000	116825000	0.00833341359135342	0.366238308043615
2	222225000	222275000	0.00825139389152235	0.354231351685706
2	226925000	226975000	0.00816944450875812	0.365714343201551
2	195925000	195975000	0.00814769639455915	0.350916070532857
2	41225000	41275000	0.00811608203476333	0.367734394537283
2	141025000	141075000	0.00808998704475755	0.368038188024131
2	123675000	123725000	0.00804737521562399	0.359221704938835
2	154825000	154875000	0.00803786579021959	0.366294517722469
2	78075000	78125000	0.00802878507678229	0.365405631033013
2	115125000	115175000	0.00793931467468562	0.367495911495761
2	218075000	218125000	0.00792777593119198	0.35796785820059
2	176425000	176475000	0.00792218494229729	0.360593302315359
2	176675000	176725000	0.00788957136187024	0.36403144944086
2	162625000	162675000	0.00784959193418661	0.354022892388269
2	215125000	215175000	0.00775797654442134	0.365710541246607
2	66375000	66425000	0.00774172638599729	0.362979743882764
2	200975000	201025000	0.00772054498671304	0.352571180089517
2	142075000	142125000	0.00758890625275199	0.365548962638742
2	59275000	59325000	0.0075880903051605	0.364452651061416
2	116125000	116175000	0.00757762834182268	0.365936893649576
2	115025000	115075000	0.00756252084358017	0.366465422467141
2	193775000	193825000	0.00752584010154772	0.367205877822341
2	226325000	226375000	0.00751494017413706	0.356716103989356
2	104325000	104375000	0.00746371336826746	0.370408018212783
2	104025000	104075000	0.00746004684198581	0.369388938236947
2	104425000	104475000	0.00745938552482212	0.37132337465178
2	206125000	206175000	0.00741780756747462	0.368542811231579
2	4525000	4575000	0.00735783449170435	0.363813525754989
2	52325000	52375000	0.00735523052784115	0.371149540590765
2	100325000	100375000	0.00722275261313515	0.359573559840609
2	52225000	52275000	0.00714883630695134	0.370264217875175
2	168325000	168375000	0.00713134912677371	0.369664769420449
2	52425000	52475000	0.00712258569627516	0.369586836101926
2	34425000	34475000	0.00710735430370163	0.357911021753392
2	104125000	104175000	0.00704518977842872	0.368731339190651
2	66925000	66975000	0.00684003625841079	0.365140840530654
2	204475000	204525000	0.00647035392919648	0.350639850121411
2	84325000	84375000	0.00642547812817668	0.357551136487633
2	139925000	139975000	0.00641779243363938	0.366339067819115
2	145675000	145725000	0.00636533318467319	0.366785421062523
2	142175000	142225000	0.00631687933090563	0.362154969633566
2	23275000	23325000	0.00630456487734588	0.363381441603539
2	21425000	21475000	0.00629924089357065	0.359879660124647
2	134975000	135025000	0.00622353343576193	0.346086138041042
2	104775000	104825000	0.00621126245668702	0.364981000281754
2	139775000	139825000	0.00611384725821135	0.365064072329706
2	67125000	67175000	0.00596096264695145	0.363850814953249
2	126325000	126375000	0.0058755304573147	0.364953357289717
2	206225000	206275000	0.00587214226783084	0.365060918180406
2	108575000	108625000	0.00581049076960682	0.353466328178652
2	194625000	194675000	0.00574760800809893	0.365008437551517
2	154175000	154225000	0.00565900977660611	0.357157764638204
2	102275000	102325000	0.00554727066081084	0.350228855634016
2	57575000	57625000	0.00542590752374422	0.36211986149889
2	118325000	118375000	0.00535764607269962	0.360581746850811
2	79925000	79975000	0.00526181782749457	0.360613761527507
2	124975000	125025000	0.00512232184926792	0.362137849951587
2	14375000	14425000	0.00507687720414396	0.357314256037168
2	125000	175000	0.00501234623480207	0.370576542594961
2	51725000	51775000	0.00497772410396774	0.36297173187212
2	79075000	79125000	0.00495721273138855	0.353126038134913
2	140325000	140375000	0.00480151234874571	0.36453061398962
2	216575000	216625000	0.00449062319498184	0.346364330868276
2	124175000	124225000	0.0044106455877036	0.362974345311049
2	50525000	50575000	0.00434941900373892	0.362614706626105
2	205825000	205875000	0.00408490171166592	0.363971777338664
2	22125000	22175000	0.00391727161251493	0.359633981085504
2	15525000	15575000	0.00390024306183234	0.353993043370353
2	67025000	67075000	0.00388201833357166	0.362779553955054
2	24125000	24175000	0.00379205579256481	0.347637975515239
2	52125000	52175000	0.00369592631416205	0.3659405203514
2	206325000	206375000	0.00319074868845953	0.359882669892542
2	126625000	126675000	0.00318658020910267	0.364152416071718
2	50975000	51025000	0.00289901850322011	0.363782357376224
2	168225000	168275000	0.00263167841901119	0.365351795713802
2	104225000	104275000	0.00260594114424756	0.364630561706322
2	36375000	36425000	0.00245193452651565	0.353572358195116
2	126725000	126775000	0.00241426590686988	0.363182124931742
2	141925000	141975000	0.00237360719432589	0.361634965511949
2	62825000	62875000	0.00234962202953076	0.341193906168205
2	121625000	121675000	0.00227080225046739	0.351985928140416
2	121925000	121975000	0.00195015388967446	0.355714917983649
2	2325000	2375000	0.00191085619786213	0.361370473902041
2	119375000	119425000	0.00188268856753665	0.355280619352686
2	193975000	194025000	0.00160205521597517	0.361746623194585
2	164275000	164325000	0.000995308653979954	0.355487608523088
2	119775000	119825000	0.000584694894949833	0.351508844133204
