1	14
15	37
38	57
58	75
76	80
81	124
125	134
135	139
140	144
145	151
152	178
179	186
187	191
192	198
199	205
206	210
211	218
219	225
226	233
234	236
237	239
240	246
247	250
251	258
259	263
264	266
267	282
283	301
302	307
308	315
316	334
335	335
336	339
340	351
352	360
361	371
372	380
381	391
392	402
403	412
413	417
418	425
426	468
469	479
480	488
489	492
493	501
502	503
504	509
510	517
518	523
524	528
529	545
546	552
553	558
559	574
575	575
576	582
583	583
584	589
590	590
591	602
603	607
608	618
619	619
620	628
629	632
633	641
642	659
660	672
673	675
676	677
678	685
686	706
707	714
715	723
724	732
733	740
741	747
748	752
753	763
764	771
772	776
777	780
781	783
784	790
791	791
792	800
801	808
809	832
833	841
842	847
848	853
854	861
862	868
869	876
877	884
885	893
894	894
895	904
905	913
914	916
917	924
925	925
926	934
935	936
937	943
944	952
953	961
962	966
967	974
975	983
984	999
1000	1008
1009	1015
1016	1040
1041	1079
1080	1094
1095	1099
1100	1101
1102	1109
1110	1118
1119	1128
1129	1141
1142	1159
1160	1168
1169	1193
1194	1218
1219	1219
1220	1225
1226	1242
1243	1244
1245	1253
1254	1262
1263	1265
1266	1275
1276	1276
1277	1283
1284	1285
1286	1291
1292	1295
1296	1296
1297	1302
1303	1306
1307	1309
1310	1317
1318	1365
1366	1374
1375	1384
1385	1391
1392	1400
1401	1402
1403	1406
1407	1410
1411	1419
1420	1424
1425	1435
1436	1442
1443	1449
1450	1461
1462	1462
1463	1469
1470	1478
1479	1480
1481	1488
1489	1497
1498	1503
1504	1505
1506	1517
1518	1518
1519	1527
1528	1537
1538	1543
1544	1576
1577	1585
1586	1589
1590	1603
1604	1610
1611	1617
1618	1625
1626	1646
1647	1693
1694	1694
1695	1703
1704	1705
1706	1711
1712	1712
1713	1716
1717	1717
1718	1721
1722	1727
1728	1733
1734	1742
1767	1769
1770	1776
1777	1779
1780	1784
1785	1785
1914	1922
1924	1925
1927	1929
1930	1933
1934	1936
1937	1940
1941	1944
1945	1950
1951	1954
1955	1957
1958	1961
1966	1968
1969	1974
1975	1980
1981	1985
1986	1990
1991	2003
2004	2017
2018	2024
2025	2032
2033	2038
2039	2040
2041	2049
2050	2050
2051	2057
2058	2062
2063	2069
2070	2076
2077	2111
2112	2114
2115	2118
2119	2119
2120	2124
2125	2134
2135	2137
2138	2141
2142	2145
2146	2163
2164	2169
2171	2179
2180	2186
2187	2188
2189	2193
2194	2202
2234	2241
2244	2247
2248	2250
2252	2255
2256	2263
2264	2267
2268	2270
2271	2274
2275	2276
2277	2284
2286	2289
2290	2295
2296	2319
2320	2371
2372	2382
2383	2393
2394	2402
2403	2409
2410	2419
2420	2422
2423	2429
2430	2438
2439	2444
2445	2450
2451	2453
2454	2481
2482	2495
2496	2518
2519	2552
2553	2557
2558	2581
2582	2590
2591	2604
2605	2613
2614	2616
2620	2620
2621	2623
2630	2637
2638	2639
2640	2642
2643	2647
2648	2653
2654	2656
2657	2658
2659	2668
2669	2680
2681	2687
2688	2696
2697	2704
2705	2713
2714	2714
2715	2730
2731	2733
2734	2743
2744	2752
2753	2765
2766	2773
2774	2783
2784	2792
2793	2834
2835	2853
2854	2859
2860	2868
2869	2876
2877	2877
2878	2881
2882	2884
2885	2898
2899	2908
2909	2932
2933	2934
2935	2943
2944	2949
2950	2955
2956	2963
2964	2974
2975	2981
2982	2986
2987	2997
2998	3009
3010	3030
3031	3042
3043	3047
3048	3048
3049	3057
3058	3060
3061	3070
3071	3072
3073	3079
3080	3088
3089	3105
3106	3123
3124	3124
3125	3137
3138	3143
3144	3149
3150	3162
3163	3163
3164	3167
3168	3177
3178	3186
3187	3194
3195	3201
3202	3203
3204	3212
3213	3218
3219	3224
3225	3238
3239	3246
3247	3248
3249	3257
3258	3258
3259	3265
3266	3274
3275	3280
3281	3308
3309	3316
3317	3325
3326	3335
3336	3341
3342	3347
3348	3357
3358	3380
3381	3383
3384	3392
3393	3396
3397	3406
3407	3416
3417	3424
3425	3433
3434	3438
3439	3446
3447	3451
3452	3460
3461	3468
3469	3477
3478	3485
3486	3499
3500	3505
3506	3512
3513	3519
3520	3524
3525	3539
3540	3551
3552	3560
3561	3572
3573	3578
3579	3586
3587	3591
3592	3597
3598	3600
3601	3607
3608	3615
3616	3619
3620	3627
3628	3640
3641	3647
3648	3653
3654	3661
3662	3671
3672	3680
3681	3682
3683	3699
3700	3710
3711	3720
3721	3747
3748	3753
3754	3759
3760	3767
3768	3776
3777	3788
3789	3798
3799	3806
3807	3810
3811	3818
3819	3825
3826	3834
3835	3838
3839	3840
3841	3848
3849	3852
3853	3853
3854	3861
3862	3899
3900	3907
3908	3914
3915	3923
3924	3932
3933	3938
3939	3942
3943	3943
3944	3953
3954	3959
3960	3963
3964	3965
3966	3973
3974	3980
3981	3983
3984	3990
3991	4010
4011	4017
4018	4027
4028	4034
4035	4042
4043	4051
4052	4053
4054	4062
4063	4068
4069	4081
4082	4087
4088	4096
4097	4103
4104	4112
4113	4131
4132	4137
4138	4140
4141	4151
4152	4157
4158	4167
4168	4171
4172	4179
4180	4185
4186	4193
4194	4202
4203	4210
4211	4216
4217	4220
4221	4229
4230	4238
4239	4251
4252	4270
4271	4277
4278	4282
4283	4310
4311	4324
4325	4326
4327	4336
4337	4340
4341	4347
4348	4351
4352	4367
4368	4372
4373	4380
4381	4401
4402	4405
4406	4412
4413	4429
4430	4449
4450	4458
4459	4463
4464	4470
4471	4476
4477	4484
4485	4491
4492	4497
4498	4504
4505	4507
4508	4513
4514	4519
4520	4531
4532	4554
4555	4555
4556	4564
4565	4569
4570	4575
4576	4584
4585	4592
4593	4604
4605	4612
4613	4621
4622	4630
4631	4636
4637	4639
4640	4647
4648	4654
4655	4663
4664	4669
4670	4679
4680	4684
4685	4695
4696	4700
4701	4709
4710	4710
4711	4721
4722	4730
4731	4733
4734	4742
4743	4744
4745	4760
4761	4768
4769	4774
4775	4784
4785	4788
4789	4799
4800	4808
4809	4818
4819	4819
4820	4822
4823	4829
4830	4839
4840	4857
4858	4862
