1	4864	0	0.142	174.124
68	75	1	1.576	0.372
140	186	1	1.713	3.073
140	178	2	1.628	1.853
140	151	3	1.145	0.188
151	178	3	2.182	1.156
178	186	2	1.519	0.458
186	220	1	1.040	3.512
186	192	2	1.746	0.553
192	220	2	0.982	2.718
192	199	3	1.986	0.814
199	220	3	1.127	1.774
199	212	4	1.197	1.720
199	206	5	1.878	0.533
206	212	5	2.369	1.065
212	220	4	1.159	0.011
220	316	1	1.141	3.750
220	240	2	1.248	1.288
220	226	3	1.863	0.849
226	240	3	1.255	0.173
240	316	2	1.363	2.397
240	264	3	1.618	0.549
264	316	3	1.380	1.509
264	306	4	2.101	1.290
264	294	5	2.127	0.341
306	316	4	1.036	0.157
316	480	1	1.359	4.500
316	334	2	1.327	0.223
334	480	2	1.232	3.936
334	340	3	1.328	0.538
372	402	3	1.556	0.442
402	418	3	0.706	1.840
402	411	4	1.610	0.782
411	418	4	1.826	0.981
418	425	3	1.537	0.692
469	480	3	1.085	0.284
480	509	1	1.104	2.490
480	493	2	1.600	0.415
493	509	2	1.518	1.983
493	502	3	2.279	0.848
502	509	3	1.802	0.704
509	517	1	2.511	1.541
517	541	1	0.966	1.452
517	534	2	1.518	0.545
534	541	2	1.863	0.889
541	559	1	0.977	2.228
541	552	2	2.168	1.269
552	559	2	1.901	0.846
559	582	1	1.060	1.984
559	575	2	2.128	1.191
575	582	2	1.611	0.698
582	641	1	1.025	3.372
582	590	2	1.840	0.967
590	641	2	1.110	2.335
590	607	3	1.729	0.606
607	633	3	1.115	1.367
607	619	4	2.124	0.971
619	633	4	1.591	0.330
633	641	3	0.957	0.225
641	658	1	1.319	0.562
658	678	1	1.370	0.506
678	741	1	1.280	1.678
678	732	2	1.234	1.370
678	724	3	1.165	1.035
678	714	4	1.631	0.750
686	714	5	1.540	0.326
741	790	1	0.802	3.336
741	783	2	0.919	2.255
741	748	3	1.473	0.843
748	783	3	1.305	1.131
748	764	4	1.877	0.431
764	783	4	1.430	0.014
783	790	2	1.762	0.894
790	841	1	0.874	1.599
790	801	2	1.191	0.392
801	841	2	1.574	1.036
801	831	3	1.221	0.127
841	853	1	1.466	0.886
853	861	1	1.650	0.936
861	953	1	0.902	7.763
861	883	2	1.037	2.735
861	877	3	2.381	1.588
877	883	3	1.370	0.804
883	953	2	0.918	5.003
883	943	3	1.003	4.032
883	917	4	1.391	1.511
883	893	5	1.499	0.265
893	917	5	1.266	0.959
893	904	6	1.937	0.604
904	917	6	1.622	0.225
917	943	4	1.106	2.389
917	924	5	2.249	1.423
924	943	5	1.542	0.880
924	934	6	1.911	0.331
934	943	6	1.738	0.101
943	953	3	1.840	0.925
953	976	1	0.938	1.543
953	961	2	1.828	0.854
961	976	2	1.504	0.574
976	1015	1	1.327	0.251
1015	1080	1	1.329	0.199
1080	1119	1	1.183	0.642
1080	1102	2	1.255	0.069
1102	1119	2	1.245	0.097
1119	1219	1	1.357	1.382
1119	1128	2	1.339	0.591
1128	1219	2	1.272	0.668
1128	1156	3	1.268	0.150
1156	1219	3	1.361	0.458
1156	1177	4	1.486	0.333
1219	1243	1	0.965	2.041
1219	1226	2	2.172	1.030
1226	1243	2	1.675	0.890
1243	1283	1	0.990	3.271
1243	1277	2	1.076	2.305
1243	1254	3	2.251	1.050
1254	1277	3	1.694	1.086
1254	1261	4	1.790	0.380
1261	1277	4	1.409	0.053
1277	1283	2	1.651	0.894
1283	1317	1	0.903	2.549
1283	1306	2	1.217	1.533
1283	1296	3	1.687	0.403
1296	1306	3	2.011	0.668
1306	1317	2	1.832	0.950
1317	1366	1	1.569	0.655
1366	1374	1	1.665	0.789
1374	1384	1	1.440	0.521
1384	1391	1	1.503	0.626
1391	1411	1	1.135	1.512
1391	1403	2	1.519	0.420
1403	1411	2	2.067	0.786
1411	1425	1	1.299	0.922
1411	1418	2	1.737	0.336
1425	1435	1	1.470	0.916
1435	1463	1	1.319	0.388
1463	1469	1	1.845	1.114
1469	1498	1	0.864	1.998
1469	1480	2	1.226	0.371
1480	1498	2	1.245	1.515
1480	1489	3	2.050	0.705
1489	1498	3	1.742	0.397
1498	1519	1	1.634	0.969
1519	1693	1	1.326	1.792
1519	1539	2	1.576	0.499
1539	1693	2	1.370	0.980
1539	1586	3	1.422	0.191
1586	1693	3	1.451	0.444
1586	1604	4	1.049	0.084
1604	1693	4	1.582	0.135
1693	1712	1	1.242	0.953
1693	1703	2	1.509	0.265
1703	1712	2	1.422	0.055
1712	1740	1	0.711	3.923
1712	1729	2	0.739	3.202
1712	1718	3	2.386	1.743
1718	1729	3	2.180	1.403
1729	1740	2	1.421	0.644
1740	1783	1	0.901	2.030
1740	1767	2	0.731	1.590
1746	1767	3	0.999	1.585
1746	1752	4	1.526	0.574
1752	1761	4	1.304	0.253
1761	1767	4	1.012	0.487
1767	1783	2	1.121	0.421
1783	1801	1	0.823	1.026
1783	1792	2	1.900	0.753
1919	1933	1	1.229	0.398
1933	1955	1	0.937	1.867
1933	1945	2	1.955	0.910
1945	1955	2	1.823	0.848
1955	2003	1	1.277	1.978
1955	1964	2	1.727	0.981
1964	2003	2	1.185	0.781
1964	1985	3	1.827	0.625
1985	2003	3	1.251	0.105
2003	2033	1	1.336	0.842
2003	2025	2	1.250	0.189
2003	2018	3	1.480	0.035
2025	2033	2	1.453	0.188
2033	2062	1	1.110	2.413
2033	2040	2	1.496	0.691
2040	2062	2	1.186	1.452
2040	2050	3	1.922	0.743
2050	2062	3	1.804	0.449
2062	2069	1	0.992	0.384
2069	2177	1	1.241	1.629
2069	2112	2	1.373	0.129
2112	2119	2	1.075	0.554
2119	2145	2	1.324	0.464
2119	2135	3	1.297	0.036
2145	2177	2	1.253	0.203
2177	2188	1	1.326	0.589
2188	2223	1	1.003	2.508
2188	2215	2	0.900	0.045
2215	2223	2	2.872	2.326
2223	2251	1	1.265	0.539
2251	2286	1	0.803	3.762
2251	2267	2	1.325	1.578
2251	2257	3	1.691	0.426
2257	2267	3	1.792	0.643
2267	2275	2	2.091	1.290
2275	2286	2	1.504	0.844
2286	2296	1	1.838	1.362
2296	2393	1	1.142	0.602
2296	2372	2	1.429	0.456
2372	2393	2	1.007	0.032
2393	2443	1	0.978	1.063
2409	2422	2	1.619	0.777
2422	2443	2	1.153	0.208
2429	2443	3	1.077	0.127
2443	2452	1	1.461	0.937
2452	2556	1	1.827	1.562
2452	2543	2	1.900	0.958
2452	2530	3	1.506	0.151
2556	2581	1	0.904	1.370
2556	2566	2	1.298	0.332
2566	2581	2	1.003	0.788
2566	2573	3	1.573	0.409
2573	2581	3	1.285	0.174
2581	2714	1	1.128	2.093
2581	2652	2	1.257	0.786
2581	2615	3	1.486	0.066
2629	2636	3	1.156	0.309
2636	2644	3	0.826	0.054
2644	2652	3	1.000	0.354
2652	2693	2	1.468	0.509
2652	2660	3	1.435	0.143
2693	2714	2	1.198	0.769
2693	2705	3	1.342	0.161
2705	2714	3	1.302	0.244
2714	2733	1	1.669	0.799
2733	2744	1	2.436	1.841
2754	2773	1	1.266	0.207
2773	2792	1	1.742	0.786
2792	2859	1	1.255	0.029
2859	2869	1	1.065	0.154
2869	2876	1	1.220	0.355
2876	2882	1	1.103	0.410
2956	2974	1	1.723	0.610
2974	2986	1	1.476	0.041
2998	3009	1	1.438	0.338
3009	3042	1	1.631	0.644
3042	3073	1	0.800	1.845
3042	3048	2	1.034	0.555
3048	3073	2	0.865	1.249
3048	3058	3	1.346	0.577
3058	3073	3	1.564	0.533
3105	3124	1	1.615	0.516
3124	3163	1	1.492	0.656
3143	3150	2	1.562	0.388
3163	3194	1	1.093	0.271
3163	3178	2	1.238	0.080
3178	3194	2	1.314	0.129
3194	3218	1	1.458	1.276
3194	3201	2	1.175	0.365
3201	3218	2	1.506	0.422
3218	3239	1	1.365	0.299
3239	3246	1	1.133	0.646
3246	3265	1	1.100	0.120
3265	3281	1	0.962	0.126
3281	3309	1	1.458	0.433
3325	3337	1	1.410	0.402
3337	3348	1	0.742	0.169
3348	3381	1	1.245	0.185
3381	3397	1	1.453	0.715
3397	3407	1	0.874	0.348
3407	3436	1	1.069	1.987
3407	3416	2	1.798	0.732
3416	3436	2	1.526	1.193
3416	3424	3	1.518	0.359
3424	3436	3	1.807	0.332
3436	3449	1	2.085	1.206
3449	3472	1	1.150	0.721
3449	3460	2	1.872	0.547
3472	3506	1	1.254	0.243
3486	3506	2	1.394	0.060
3506	3512	1	1.613	0.981
3512	3573	1	1.165	1.581
3512	3524	2	1.133	0.265
3524	3540	2	1.332	0.120
3540	3561	2	1.290	0.633
3540	3551	3	1.665	0.314
3551	3561	3	1.560	0.298
3561	3573	2	1.652	0.519
3573	3586	1	0.820	0.258
3586	3606	1	1.218	0.318
3606	3615	1	1.128	0.404
3615	3660	1	1.298	1.283
3639	3652	2	1.664	0.789
3652	3660	2	1.169	0.359
3660	3680	1	1.108	0.416
3660	3671	2	1.433	0.232
3754	3768	1	1.457	0.355
3768	3799	1	1.136	0.157
3799	3806	1	1.605	0.398
3806	3838	1	1.031	0.936
3819	3838	2	1.207	0.737
3819	3825	3	1.576	0.221
3825	3838	3	1.592	0.275
3838	3861	1	0.981	0.827
3838	3848	2	1.316	0.326
3848	3861	2	1.476	0.473
3861	3939	1	1.918	1.109
3861	3932	2	1.150	0.349
3925	3932	3	1.595	0.344
3939	3947	1	1.768	0.716
3947	3974	1	1.067	0.697
3966	3974	2	1.570	0.535
3974	3981	1	1.909	0.860
3981	4015	1	2.026	1.384
3981	4007	2	1.576	0.270
4007	4015	2	0.837	0.051
4015	4035	1	1.316	1.330
4015	4028	2	1.444	0.421
4028	4035	2	1.331	0.455
4035	4042	1	2.440	1.482
4042	4062	1	1.112	1.239
4042	4053	2	1.458	0.249
4053	4062	2	1.992	0.795
4062	4096	1	0.945	2.089
4062	4087	2	1.239	1.513
4062	4069	3	1.314	0.446
4069	4087	3	1.666	0.712
4069	4075	4	1.780	0.058
4087	4096	2	1.361	0.543
4096	4137	1	1.460	1.177
4096	4103	2	0.921	0.090
4103	4137	2	1.416	0.445
4137	4181	1	1.086	1.149
4137	4170	2	1.254	0.276
4170	4181	2	1.506	0.672
4181	4226	1	1.279	0.094
4226	4241	1	1.159	0.186
4241	4270	1	1.079	0.331
4252	4270	2	1.513	0.303
4270	4340	1	1.603	1.566
4270	4324	2	1.601	0.539
4283	4324	3	1.599	0.094
4324	4340	2	1.749	0.454
4340	4381	1	1.409	3.286
4340	4351	2	1.356	0.633
4351	4381	2	1.149	2.205
4351	4373	3	2.032	1.136
4373	4381	3	1.536	0.854
4381	4405	1	1.134	2.040
4381	4398	2	1.554	0.633
4398	4405	2	2.167	0.842
4405	4412	1	1.498	0.843
4412	4471	1	1.252	1.217
4412	4457	2	1.761	0.961
4430	4450	3	1.785	0.207
4450	4457	3	0.942	0.338
4457	4471	2	1.189	0.236
4471	4613	1	1.319	3.703
4471	4477	2	1.670	1.037
4498	4504	2	1.503	0.508
4504	4519	2	1.234	0.229
4519	4531	2	1.521	0.654
4531	4564	2	1.744	0.675
4531	4558	3	1.474	0.143
4558	4564	3	0.875	0.121
4564	4576	2	1.426	0.456
4576	4613	2	1.413	0.009
4613	4647	1	0.885	3.352
4613	4634	2	1.769	1.977
4613	4621	3	1.580	0.327
4621	4634	3	2.061	0.787
4634	4647	2	1.965	1.219
4647	4653	1	2.354	1.652
4653	4836	1	1.151	9.614
4653	4669	2	1.862	1.065
4669	4836	2	1.224	8.414
4669	4829	3	1.331	7.331
4669	4697	4	1.118	1.230
4669	4685	5	1.782	0.710
4685	4697	5	1.322	0.253
4697	4744	4	1.655	0.861
4697	4710	5	1.412	0.086
4710	4744	5	1.428	0.558
4710	4734	6	1.540	0.178
4734	4744	6	1.430	0.281
4744	4761	4	1.993	0.781
4761	4768	4	1.530	0.559
4768	4788	4	1.078	1.424
4768	4775	5	1.591	0.530
4775	4788	5	1.589	0.618
4788	4829	4	1.737	2.183
4788	4820	5	1.554	1.413
4788	4798	6	1.308	0.487
4798	4820	6	1.876	0.601
4820	4829	5	1.525	0.271
4829	4836	3	2.146	0.891
4836	4864	1	0.879	3.222
4836	4858	2	1.950	0.970
4858	4864	2	3.108	2.251
