1	37
38	75
76	144
145	179
180	192
193	199
200	204
205	211
212	217
218	226
227	239
240	263
264	315
316	336
337	358
359	372
373	391
392	402
403	411
412	417
418	425
426	451
452	480
481	492
493	509
510	521
522	528
529	536
537	540
541	546
547	551
552	558
559	574
575	583
584	589
590	607
608	619
620	641
642	655
656	677
678	713
714	740
741	752
753	763
764	770
771	780
781	790
791	800
801	821
822	841
842	852
853	861
862	876
877	885
886	904
905	916
917	924
925	934
935	943
944	953
954	960
961	976
977	1014
1015	1054
1055	1081
1082	1099
1100	1109
1110	1118
1119	1125
1126	1157
1158	1180
1181	1218
1219	1225
1226	1243
1244	1253
1254	1260
1261	1276
1277	1285
1286	1296
1297	1302
1303	1309
1310	1316
1317	1333
1334	1366
1367	1374
1375	1384
1385	1391
1392	1402
1403	1410
1411	1418
1419	1425
1426	1435
1436	1448
1449	1462
1463	1469
1470	1479
1480	1489
1490	1497
1498	1518
1519	1541
1542	1604
1605	1642
1643	1680
1681	1693
1694	1705
1706	1711
1712	1717
1718	1721
1722	1728
1729	1749
1750	1762
1763	1764
1765	1780
1781	1793
1794	1840
1841	1842
1843	1844
1845	1845
1846	1847
1848	1906
1907	1917
1918	1924
1925	1926
1927	1929
1930	1931
1932	1944
1945	1950
1951	1963
1964	1980
1981	1994
1995	2003
2004	2024
2025	2033
2034	2037
2038	2050
2051	2067
2068	2119
2120	2123
2124	2144
2145	2177
2178	2187
2188	2205
2206	2211
2212	2216
2217	2219
2220	2221
2222	2231
2232	2237
2238	2250
2251	2267
2268	2270
2271	2275
2276	2285
2286	2295
2296	2317
2318	2375
2376	2393
2394	2405
2406	2421
2422	2429
2430	2437
2438	2442
2443	2451
2452	2495
2496	2556
2557	2578
2579	2614
2615	2640
2641	2642
2643	2659
2660	2679
2680	2692
2693	2714
2715	2732
2733	2744
2745	2772
2773	2792
2793	2818
2819	2858
2859	2881
2882	2931
2932	2949
2950	2974
2975	2997
2998	3009
3010	3027
3028	3046
3047	3060
3061	3071
3072	3088
3089	3106
3107	3124
3125	3163
3164	3195
3196	3201
3202	3218
3219	3241
3242	3264
3265	3280
3281	3308
3309	3336
3337	3347
3348	3380
3381	3396
3397	3406
3407	3416
3417	3436
3437	3447
3448	3460
3461	3467
3468	3473
3474	3485
3486	3505
3506	3522
3523	3539
3540	3560
3561	3573
3574	3591
3592	3619
3620	3639
3640	3660
3661	3671
3672	3680
3681	3721
3722	3753
3754	3767
3768	3788
3789	3806
3807	3824
3825	3838
3839	3848
3849	3861
3862	3890
3891	3938
3939	3953
3954	3973
3974	3983
3984	4016
4017	4027
4028	4035
4036	4042
4043	4052
4053	4062
4063	4081
4082	4096
4097	4137
4138	4153
4154	4168
4169	4184
4185	4204
4205	4226
4227	4251
4252	4269
4270	4282
4283	4316
4317	4324
4325	4336
4337	4347
4348	4351
4352	4373
4374	4379
4380	4390
4391	4396
4397	4405
4406	4408
4409	4411
4412	4431
4432	4457
4458	4471
4472	4476
4477	4497
4498	4503
4504	4520
4521	4530
4531	4559
4560	4575
4576	4591
4592	4613
4614	4634
4635	4639
4640	4646
4647	4653
4654	4668
4669	4684
4685	4697
4698	4709
4710	4721
4722	4733
4734	4745
4746	4760
4761	4770
4771	4774
4775	4783
4784	4799
4800	4819
4820	4829
4830	4836
4837	4843
4844	4853
4854	4864
