2	107025000	107075000	0.259100288179136	0.525845256505744
2	130825000	130875000	0.120244261512386	0.451768317567962
2	107175000	107225000	0.119133365340853	0.39297004618533
2	192375000	192425000	0.102382931189544	0.424201763037488
2	106675000	106725000	0.0961688742344851	0.380898892953747
2	190275000	190325000	0.0960421106152129	0.425755455624448
2	138575000	138625000	0.0925306537717377	0.42259379700492
2	112475000	112525000	0.0897888585783069	0.409058322660491
2	172975000	173025000	0.0885178024063514	0.426655879480464
2	20825000	20875000	0.0867711724958163	0.411831091971068
2	43025000	43075000	0.0858253327064467	0.41596334612733
2	176925000	176975000	0.0814100310194975	0.41564288208083
2	85525000	85575000	0.0813938162466245	0.404892968102583
2	65775000	65825000	0.0791661348646961	0.412136435111924
2	6875000	6925000	0.0777001518732794	0.406875065890741
2	217525000	217575000	0.0772738935199231	0.4134801221407
2	27875000	27925000	0.0765206739487049	0.405003502247069
2	106825000	106875000	0.0754191025945192	0.349974644031142
2	198225000	198275000	0.0748224862973842	0.406158794250532
2	15725000	15775000	0.0744982519043676	0.41559250549126
2	70525000	70575000	0.0743134916817524	0.406680325395875
2	198625000	198675000	0.0739318469240705	0.406202269843645
2	42025000	42075000	0.0737643932868894	0.402848364341109
2	196925000	196975000	0.0721875962041059	0.403916949521925
2	16925000	16975000	0.0718649717215077	0.401281860605565
2	62625000	62675000	0.0717433842025769	0.409863919380937
2	107475000	107525000	0.0706852169920354	0.358705322872252
2	148675000	148725000	0.0702552254184575	0.406323632159208
2	85825000	85875000	0.070026797496561	0.392303441413836
2	55875000	55925000	0.0700218820532781	0.397523715919093
2	106125000	106175000	0.06985993245592	0.39189636787819
2	119625000	119675000	0.0697996424276667	0.405190241166317
2	223775000	223825000	0.0691727471583567	0.396721867173036
2	71725000	71775000	0.0690590496051478	0.402700356533524
2	30325000	30375000	0.0687847346439948	0.403464803539352
2	178625000	178675000	0.0684505250636704	0.404855400894081
2	65075000	65125000	0.0683573367667483	0.399178176327265
2	158875000	158925000	0.0679026316110166	0.402735820359915
2	177975000	178025000	0.0669459441602198	0.404250752753425
2	121825000	121875000	0.0665930741730333	0.398820942229254
2	68675000	68725000	0.0663923867786427	0.399689556685082
2	11925000	11975000	0.0661098779495725	0.400972806398898
2	7225000	7275000	0.065744973451388	0.387423782883183
2	200825000	200875000	0.0645830445537428	0.402669121287973
2	47975000	48025000	0.0643801448667878	0.393989507475563
2	223475000	223525000	0.0639046789622938	0.392877579147929
2	114175000	114225000	0.0636899373340442	0.394876056919729
2	209225000	209275000	0.063688917012482	0.400171399700882
2	242825000	242875000	0.0636681985948864	0.384895279070831
2	98375000	98425000	0.0635477064721812	0.390058673855028
2	218625000	218675000	0.0634243592260851	0.396821538304902
2	47525000	47575000	0.0633588468038415	0.39087616758912
2	225525000	225575000	0.0626154030410743	0.392583748212042
2	216775000	216825000	0.062305739149773	0.399145100276076
2	189375000	189425000	0.0620343108102618	0.395379757141195
2	106475000	106525000	0.0619005891114102	0.360196577540857
2	3725000	3775000	0.0618791736799715	0.398316736175927
2	86925000	86975000	0.0615935344275026	0.362456355316045
2	113325000	113375000	0.0613988981770801	0.390340873998283
2	201725000	201775000	0.0608471830275601	0.396365076975442
2	122525000	122575000	0.0606633448848092	0.391113327225404
2	199175000	199225000	0.059927413541398	0.399556274404307
2	237975000	238025000	0.0598185578783031	0.39732802715987
2	11225000	11275000	0.0597099510645285	0.394196551786347
2	86275000	86325000	0.0595856271279258	0.383386645976299
2	107625000	107675000	0.0595317053586145	0.354643523756701
2	20075000	20125000	0.0593049340306676	0.391933441533594
2	182575000	182625000	0.0592579200818551	0.391164560059802
2	97775000	97825000	0.0592290220880026	0.391843381757581
2	225175000	225225000	0.0591668345884965	0.390398670612065
2	193025000	193075000	0.0591624271651474	0.394410912581491
2	184075000	184125000	0.0588381350370089	0.399454478613401
2	47125000	47175000	0.0588099704363072	0.388819281832516
2	60875000	60925000	0.0587205329628531	0.392653564011607
2	242925000	242975000	0.0586404982822392	0.364171915321465
2	13175000	13225000	0.0585742017505264	0.39931667820983
2	96625000	96675000	0.0582133729202708	0.390421294823155
2	86025000	86075000	0.0573199552993131	0.382484215481377
2	43775000	43825000	0.0571839521837076	0.392057451282654
2	47625000	47675000	0.0568809032720293	0.384863122240307
2	69525000	69575000	0.0567432913910705	0.391281800703027
2	188675000	188725000	0.0563435792311623	0.392931827151039
2	30925000	30975000	0.0560785960654373	0.397897114748133
2	187325000	187375000	0.0555427794283715	0.391768710777748
2	210775000	210825000	0.0554352395269617	0.388027092844635
2	86575000	86625000	0.0551816072537692	0.368395765505298
2	48325000	48375000	0.0551531747747866	0.386389681024059
2	208925000	208975000	0.0550299914888485	0.390542033901753
2	220575000	220625000	0.0549740011380069	0.397701736052381
2	236675000	236725000	0.0548891932706245	0.3925074271722
2	38725000	38775000	0.054838172710278	0.385487975131085
2	73475000	73525000	0.0547174663916464	0.38425023193331
2	203425000	203475000	0.0545533374560397	0.388706652743893
2	39475000	39525000	0.0544739537513594	0.38603140703616
2	211025000	211075000	0.0543020168798456	0.386687961523487
2	27575000	27625000	0.054120456603551	0.383656237222434
2	181925000	181975000	0.0539483159433072	0.399376897979537
2	26375000	26425000	0.0536978274585252	0.389474029574266
2	100125000	100175000	0.0536046511558959	0.390525569018663
2	121425000	121475000	0.0533947595181771	0.389153369676813
2	105925000	105975000	0.0533320683649108	0.385472023485449
2	38475000	38525000	0.0529140004397116	0.388443673440965
2	69175000	69225000	0.0528209449771725	0.385375766369825
2	189925000	189975000	0.0527623909943171	0.379238438324916
2	96425000	96475000	0.052737611256533	0.383139473681491
2	191875000	191925000	0.0526697321372845	0.380248772753406
2	122125000	122175000	0.052592297694217	0.382172109173627
2	238725000	238775000	0.0525141463951754	0.384881565479133
2	107725000	107775000	0.0524485008847141	0.352288127628047
2	16675000	16725000	0.0522017340217007	0.379942235577261
2	55425000	55475000	0.0521894193836773	0.380943036458214
2	46175000	46225000	0.0521742444146606	0.389440441791523
2	99225000	99275000	0.0520166478999907	0.386395193100056
2	66825000	66875000	0.0519909738432669	0.388406669263366
2	226525000	226575000	0.0519449302146155	0.397827102218627
2	241375000	241425000	0.0519111549771455	0.388295223716672
2	152425000	152475000	0.0518753352320054	0.389534389107404
2	9925000	9975000	0.0515794742222969	0.384647950454187
2	108125000	108175000	0.0515023896976973	0.370253249822016
2	175175000	175225000	0.0510888988857932	0.385028737979002
2	201325000	201375000	0.0507710413101352	0.387153318918472
2	9225000	9275000	0.0507277563528558	0.381144010205668
2	171775000	171825000	0.050493445362955	0.390857727017134
2	20525000	20575000	0.0504864114747099	0.37645083254415
2	175875000	175925000	0.0504458094105399	0.385992555993696
2	107825000	107875000	0.0504281435667415	0.354995578655321
2	28675000	28725000	0.0503524845265745	0.379936486974981
2	153575000	153625000	0.0503083320931199	0.39712675783575
2	232675000	232725000	0.0502823218801605	0.387135906277305
2	228725000	228775000	0.0501963513504907	0.392857421494201
2	112775000	112825000	0.0500744074577157	0.370275519753039
2	113125000	113175000	0.050073108218311	0.372767711789321
2	219025000	219075000	0.0499883944592042	0.382256132257661
2	135675000	135725000	0.0499323526457436	0.391959203929594
2	135175000	135225000	0.0498052977243946	0.386576951113576
2	205125000	205175000	0.0497017212047002	0.386869907204569
2	132575000	132625000	0.0496383086998403	0.384403297824299
2	21225000	21275000	0.0496246826149097	0.383660769647991
2	143775000	143825000	0.0496054929563242	0.391367215091619
2	8825000	8875000	0.049542579905991	0.3782113448746
2	173825000	173875000	0.0494667044657398	0.381480061733101
2	98975000	99025000	0.0493184884729336	0.382209897890153
2	202075000	202125000	0.0492250805870105	0.385242777201035
2	170275000	170325000	0.04918653410419	0.384538864350408
2	234125000	234175000	0.0491272468584291	0.382392864967924
2	169775000	169825000	0.0491088983396586	0.387745481078957
2	43425000	43475000	0.0489954217589171	0.381662090438051
2	97175000	97225000	0.0488180639529717	0.386021370781573
2	187675000	187725000	0.0487326692144248	0.382131611745271
2	114725000	114775000	0.0487004848172299	0.387475260763292
2	98175000	98225000	0.0486965014205586	0.374895442094033
2	214075000	214125000	0.0484952937455342	0.392330649063516
2	101575000	101625000	0.0484078587501396	0.385529572420574
2	152075000	152125000	0.0483487766320949	0.386745436086535
2	100825000	100875000	0.0483027446905597	0.383559304086351
2	127525000	127575000	0.0481939259777319	0.379153465912781
2	188325000	188375000	0.0481671095558828	0.384942531295511
2	88475000	88525000	0.0481623449065213	0.363517112878299
2	70825000	70875000	0.0481596993053194	0.380447109147553
2	70125000	70175000	0.0481087002247707	0.382201076692952
2	152875000	152925000	0.0477481912085967	0.390083862952272
2	11575000	11625000	0.0474027391614015	0.381932719116016
2	33825000	33875000	0.0474015466070047	0.384240905396504
2	10925000	10975000	0.0473644596938309	0.382000029884483
2	64775000	64825000	0.0472972057136845	0.380664654386394
2	206825000	206875000	0.0471736127936177	0.387476293401455
2	183525000	183575000	0.0471268946569693	0.38737277626855
2	42275000	42325000	0.0470972835626805	0.373070516339475
2	10825000	10875000	0.0470484016389002	0.381733628319164
2	65425000	65475000	0.0469612114490047	0.378661036572855
2	232275000	232325000	0.046940847396538	0.382083192404974
2	103075000	103125000	0.0468995278081369	0.384600779700252
2	10225000	10275000	0.0468639996320065	0.381021701707988
2	58775000	58825000	0.0467723782256525	0.382863978226817
2	10575000	10625000	0.0467118157772725	0.381521183681565
2	156175000	156225000	0.046596396686469	0.392769259963222
2	134575000	134625000	0.0464609746549345	0.38728926734812
2	36975000	37025000	0.0464473536705394	0.385202516788363
2	46675000	46725000	0.0463844328126774	0.380126878999739
2	149325000	149375000	0.0461781695677633	0.382783942119623
2	139575000	139625000	0.0461735210665004	0.39234748487513
2	127925000	127975000	0.046074574401165	0.375686026669664
2	38075000	38125000	0.0460452417082441	0.384756779479241
2	24575000	24625000	0.0459983250873738	0.388380840242748
2	203025000	203075000	0.0458958492146578	0.384082587449376
2	239175000	239225000	0.0455737332271702	0.385371649514619
2	9525000	9575000	0.0452714922288018	0.376887667335236
2	26675000	26725000	0.0451792408675366	0.380737573011388
2	220225000	220275000	0.0450426302242548	0.384556209240772
2	62125000	62175000	0.0448567195813885	0.388424588073998
2	132925000	132975000	0.0445586750895609	0.37870157781055
2	38925000	38975000	0.0444342643451289	0.373321175068945
2	80075000	80125000	0.0440256579001064	0.385207304522599
2	192675000	192725000	0.0439827687897129	0.369951993546579
2	108775000	108825000	0.0439588468962604	0.38283945189212
2	128225000	128275000	0.0439368236172538	0.375879097114623
2	85125000	85175000	0.0436812398507938	0.376215645406151
2	103425000	103475000	0.0436732240760784	0.384626052441873
2	113475000	113525000	0.0436579602670986	0.377285465275946
2	37575000	37625000	0.043620671581138	0.381891013531801
2	208325000	208375000	0.0435184438827129	0.385907167189683
2	203675000	203725000	0.0434098180215892	0.378335866766846
2	25025000	25075000	0.0433564553878004	0.380070287416342
2	61225000	61275000	0.0429761764689168	0.381599092496895
2	111525000	111575000	0.0429529656076307	0.376382131316438
2	227925000	227975000	0.0429316342234752	0.376156137436291
2	73825000	73875000	0.0429301824031805	0.377789476192215
2	54725000	54775000	0.0428983429145025	0.378320662832709
2	149225000	149275000	0.0427920637986923	0.378999365855271
2	7525000	7575000	0.0427180511714561	0.365707477266403
2	20425000	20475000	0.0424310767146357	0.369969769525899
2	66625000	66675000	0.0424039303959057	0.372899965028538
2	18525000	18575000	0.041839342683848	0.385470863187137
2	45825000	45875000	0.0418308557141666	0.382017645502781
2	231675000	231725000	0.0418099512436393	0.381391331077109
2	197325000	197375000	0.0417854676657566	0.371415925017432
2	113675000	113725000	0.0417762872008291	0.377183992256951
2	74825000	74875000	0.0416421673364513	0.37826873561021
2	224825000	224875000	0.0415888307012361	0.382907169728703
2	127775000	127825000	0.0415729965763429	0.371689981719798
2	118525000	118575000	0.0414836781182809	0.388620264058099
2	8625000	8675000	0.0414394345258058	0.369234455052313
2	231925000	231975000	0.0414058538397987	0.378553811337163
2	96525000	96575000	0.0413857537486916	0.372690645912612
2	19575000	19625000	0.0413484418974842	0.380447853427136
2	48775000	48825000	0.0412711360643616	0.380455164549247
2	196175000	196225000	0.0412552703523744	0.384021290661976
2	157425000	157475000	0.0412311490898224	0.386510875582129
2	228175000	228225000	0.0412171447508499	0.375223550591137
2	208575000	208625000	0.0411784434312473	0.378864891064637
2	28975000	29025000	0.040977817569816	0.373091452621925
2	190475000	190525000	0.0409523800122013	0.375776495154709
2	88975000	89025000	0.0408965035271812	0.378913023224508
2	85225000	85275000	0.0408337240823872	0.371109316212895
2	36525000	36575000	0.0406634522874522	0.381275552033497
2	230575000	230625000	0.0406263136887821	0.387884703616733
2	33575000	33625000	0.0406052110203896	0.376992233851583
2	102575000	102625000	0.0404685658244807	0.374866937240238
2	178925000	178975000	0.0403524973494788	0.375891521773732
2	173325000	173375000	0.040339998529389	0.374181450824697
2	48625000	48675000	0.0402960148083114	0.375854955812639
2	55075000	55125000	0.0402952119100643	0.371931155954735
2	170775000	170825000	0.0399889269473346	0.378628040715619
2	170625000	170675000	0.039680125727519	0.375525573131725
2	175525000	175575000	0.0396422846958043	0.374385577533987
2	54925000	54975000	0.0396232891587363	0.372821724957657
2	173575000	173625000	0.0396165387419666	0.372543943523301
2	176525000	176575000	0.0395984927755169	0.374186783906506
2	176175000	176225000	0.0394376493740572	0.374781949200966
2	7825000	7875000	0.0394014839140844	0.363701526672184
2	42575000	42625000	0.0393622233318167	0.367001368366247
2	233675000	233725000	0.0393095698446982	0.376401471684602
2	241075000	241125000	0.039291621363552	0.377393410804497
2	12825000	12875000	0.0392579043968546	0.37718666007037
2	120925000	120975000	0.0391224623114787	0.379294500098133
2	102475000	102525000	0.0390602105685034	0.377306948878696
2	62975000	63025000	0.0390167643463205	0.377650785375657
2	71225000	71275000	0.0390031319366959	0.371892273817215
2	216875000	216925000	0.0389539544682589	0.375708897927158
2	206525000	206575000	0.0389193026073569	0.377750043489062
2	149825000	149875000	0.038888838162307	0.377919808696835
2	74425000	74475000	0.0388054915138694	0.378312184033904
2	150425000	150475000	0.0387640147039349	0.383978292733566
2	196525000	196575000	0.0387240437029354	0.37725539292075
2	240925000	240975000	0.038707529002606	0.379659059999639
2	235425000	235475000	0.0386809216548837	0.379833631971551
2	29125000	29175000	0.0386459524421632	0.37414109609356
2	197925000	197975000	0.0384793754192118	0.369194278762137
2	17975000	18025000	0.0383848126001413	0.37894146910129
2	25425000	25475000	0.038276737583214	0.372816150187029
2	50725000	50775000	0.0382545498268267	0.386351391829013
2	72375000	72425000	0.0382161963143305	0.377663285849694
2	120425000	120475000	0.03815074015126	0.38158759075418
2	138875000	138925000	0.0377566991656995	0.365521170656952
2	64525000	64575000	0.0376460904024407	0.375885734426425
2	160025000	160075000	0.0376020743602082	0.377859642366207
2	239925000	239975000	0.0375319610344253	0.383216833719063
2	121075000	121125000	0.0374382012504714	0.37628621074872
2	204325000	204375000	0.0374366523260331	0.380080754245812
2	160625000	160675000	0.0374134630760932	0.379464037139159
2	64125000	64175000	0.0374070379893114	0.373800462285751
2	74325000	74375000	0.0373474342059871	0.377574157787591
2	191625000	191675000	0.0372277773143589	0.367686922314568
2	197625000	197675000	0.0372195028703184	0.367392183217618
2	101025000	101075000	0.037215365386815	0.372313122806901
2	161825000	161875000	0.0370984017542504	0.38127968758595
2	112975000	113025000	0.0370737022765796	0.357895913380662
2	45175000	45225000	0.037067227866358	0.381796929012814
2	39975000	40025000	0.0369776383045073	0.376629413427893
2	56225000	56275000	0.0369499360545975	0.369868548188549
2	233375000	233425000	0.0368697079062391	0.381419905751289
2	27025000	27075000	0.0368274148309821	0.370981077853256
2	84525000	84575000	0.0365923752389097	0.376681716474299
2	236025000	236075000	0.0364625548242195	0.377257223760392
2	25925000	25975000	0.0363248093903707	0.371634464838826
2	152325000	152375000	0.0362243181826382	0.373975476937673
2	167325000	167375000	0.0362007256152337	0.376954610115738
2	3975000	4025000	0.0361686424622756	0.377617369965532
2	32975000	33025000	0.036140116300236	0.377714807027175
2	190925000	190975000	0.0360429424042826	0.376133518985354
2	158575000	158625000	0.0359885331218667	0.373415146861259
2	72025000	72075000	0.0359246487120438	0.371090136456862
2	46575000	46625000	0.0357458370274977	0.370193033452519
2	238475000	238525000	0.0357237467608192	0.36946756464295
2	89075000	89125000	0.0357203821677861	0.368183720620522
2	68925000	68975000	0.0356654807261996	0.3675532266578
2	137125000	137175000	0.0356585777709372	0.382119820042882
2	191525000	191575000	0.0355818178958423	0.367193004649687
2	102825000	102875000	0.0355567839617021	0.368788506247072
2	223975000	224025000	0.0354667905325976	0.372353108120445
2	56375000	56425000	0.0354495428180183	0.374341281312871
2	145175000	145225000	0.035403077627061	0.376508286790177
2	200325000	200375000	0.0353688189543746	0.377863349456731
2	44075000	44125000	0.0352677338649591	0.371740886028293
2	114475000	114525000	0.0351281674725727	0.367275518662135
2	16425000	16475000	0.0347510541668966	0.36600570099386
2	236475000	236525000	0.0347096548787682	0.370009952200598
2	69925000	69975000	0.0347072075381111	0.371030375969426
2	127225000	127275000	0.0346619420409344	0.370348493532634
2	64225000	64275000	0.0346268795118636	0.373892291812585
2	172375000	172425000	0.0346112238568709	0.380786547125044
2	162275000	162325000	0.0346039115540925	0.379419748066387
2	65275000	65325000	0.034517814710554	0.365840931735833
2	108925000	108975000	0.0344998928630926	0.372235105176884
2	180925000	180975000	0.0343875709582054	0.381998687956357
2	242575000	242625000	0.0343289147909706	0.374255143214205
2	219475000	219525000	0.0342358612894699	0.371089132841997
2	233875000	233925000	0.0342271218274163	0.366346826330557
2	182825000	182875000	0.0341232558326892	0.369157970134409
2	68225000	68275000	0.034086720209456	0.376201566702541
2	36875000	36925000	0.0340350430189112	0.37239076499873
2	218025000	218075000	0.0339968200511283	0.369088161050485
2	95975000	96025000	0.0338894789782197	0.362625950910418
2	84675000	84725000	0.0338869710166913	0.374186859036246
2	44225000	44275000	0.0338757381284684	0.371148716823997
2	57925000	57975000	0.0338304739070813	0.379384099349758
2	205725000	205775000	0.0338266290529944	0.374451435037764
2	166975000	167025000	0.0337347349650561	0.374154880138192
2	177475000	177525000	0.0337271249637917	0.369569096637057
2	159725000	159775000	0.0336815266899323	0.373927550376837
2	86825000	86875000	0.0335759783524426	0.337967752773267
2	58675000	58725000	0.0335159810138456	0.371669832634606
2	136475000	136525000	0.0334611588049681	0.381552386473234
2	66225000	66275000	0.033451386727478	0.366341737623846
2	15275000	15325000	0.03342689040117	0.377932843940586
2	75825000	75875000	0.0333228331068667	0.380014900608854
2	46825000	46875000	0.0331785119538981	0.365863832784019
2	161925000	161975000	0.0331427534453633	0.376357036975986
2	131075000	131125000	0.0329801068388026	0.359745323477822
2	39225000	39275000	0.0329358186581708	0.362389898987547
2	109325000	109375000	0.0327467627737583	0.371338230391399
2	101925000	101975000	0.0327007852553477	0.37248968263177
2	174225000	174275000	0.0326013197207324	0.373795051021025
2	111825000	111875000	0.0325623863560442	0.362525851949129
2	202625000	202675000	0.0325469123629919	0.371095691944732
2	80275000	80325000	0.0324250716241052	0.368947288142217
2	17625000	17675000	0.0323803426772212	0.373142200449848
2	7975000	8025000	0.0323172851640276	0.357272636253704
2	134825000	134875000	0.0322652695249258	0.368296769336352
2	28325000	28375000	0.0322553232152538	0.361357561973017
2	213475000	213525000	0.0321649758598138	0.377653353587713
2	79175000	79225000	0.0321311173672922	0.377049835436758
2	95875000	95925000	0.0320538133953801	0.360884064651023
2	217325000	217375000	0.0319956546904432	0.368370718646027
2	8325000	8375000	0.0319823511410642	0.358466755004419
2	25175000	25225000	0.0318547691051291	0.366706713711733
2	69725000	69775000	0.0317384880616149	0.368210367440855
2	71375000	71425000	0.0316119854830209	0.364726776877897
2	80725000	80775000	0.0315150938614853	0.36967313633268
2	239025000	239075000	0.0315004633227083	0.36717021136896
2	72775000	72825000	0.0314385244250046	0.375578328852374
2	73075000	73125000	0.0313720027338703	0.374827606252135
2	204025000	204075000	0.0313662073097048	0.370448130841243
2	168975000	169025000	0.0313567544328963	0.37685668790035
2	198975000	199025000	0.0313559089851206	0.367046838156532
2	132425000	132475000	0.0313138675339851	0.368590800818374
2	32725000	32775000	0.0312815058413722	0.373867580046331
2	113825000	113875000	0.0312777533568167	0.364670229296206
2	75125000	75175000	0.0312668211166834	0.37028284014445
2	118775000	118825000	0.0310979000147774	0.37638974298557
2	101175000	101225000	0.0308964674538149	0.366546212942178
2	191125000	191175000	0.0308437676859447	0.367734752585223
2	97475000	97525000	0.0308344091405153	0.367650591206431
2	128575000	128625000	0.0307630410732911	0.37322234228817
2	231425000	231475000	0.0306921703973352	0.37270697256691
2	237175000	237225000	0.0306065126759885	0.374223095225544
2	209625000	209675000	0.0306053505569496	0.370378963694051
2	63825000	63875000	0.0305752586207782	0.367532564513948
2	27275000	27325000	0.0305662483439388	0.362620873910126
2	44575000	44625000	0.030553384983692	0.371295889155317
2	237075000	237125000	0.0304448257526043	0.372821037132841
2	191375000	191425000	0.0303474343098302	0.363686683694128
2	238375000	238425000	0.0302783868489636	0.364572764250364
2	88825000	88875000	0.030236528950966	0.365376674304401
2	3375000	3425000	0.0300376631046667	0.367090423637324
2	99925000	99975000	0.0297665077563706	0.366122453916315
2	19825000	19875000	0.0297260977085836	0.365590057224873
2	57725000	57775000	0.0295842223539803	0.375228794373321
2	97625000	97675000	0.0295678327729177	0.364632771680564
2	196775000	196825000	0.0295343606346227	0.36381446241494
2	169575000	169625000	0.0295145393875524	0.370337780441873
2	179275000	179325000	0.029467740883361	0.367627786783418
2	44675000	44725000	0.0293478839211087	0.371425237564684
2	97025000	97075000	0.0292547541287115	0.365093942561728
2	54325000	54375000	0.0291850498528782	0.369898508691366
2	188425000	188475000	0.029147645292426	0.366108312370351
2	139125000	139175000	0.0290579540577347	0.3674481225548
2	98725000	98775000	0.02902604392854	0.359258935831437
2	49125000	49175000	0.0289863038074277	0.373406043567556
2	75925000	75975000	0.0288905038452016	0.375585975891175
2	222825000	222875000	0.0286973668314104	0.373167389031123
2	153475000	153525000	0.0286652690093074	0.375229113977177
2	234725000	234775000	0.0285916503173654	0.371831792081118
2	20275000	20325000	0.0284739392657555	0.358374039689753
2	32075000	32125000	0.0284732412083787	0.375042890542079
2	219975000	220025000	0.0284551090042533	0.366371379317343
2	172275000	172325000	0.0284307290833201	0.3732728078695
2	188025000	188075000	0.0284260272007127	0.363643073920903
2	1825000	1875000	0.0284086122169575	0.3759857716077
2	232425000	232475000	0.0283638019833015	0.364147861762504
2	23975000	24025000	0.0283290298419479	0.375296322809892
2	216975000	217025000	0.0283237250219356	0.364994250813432
2	159275000	159325000	0.0282703508083545	0.365650755998668
2	174925000	174975000	0.0282391311042239	0.366252475224895
2	171225000	171275000	0.0280895797526775	0.369145242775093
2	178175000	178225000	0.0280336900732222	0.365650424814408
2	37275000	37325000	0.0279946051315225	0.367227724664564
2	11725000	11775000	0.027901243817195	0.362573915983829
2	17475000	17525000	0.0278410685077631	0.369418108493726
2	165825000	165875000	0.0277850513029508	0.375268386970112
2	114325000	114375000	0.0277401295547178	0.359406864942341
2	88625000	88675000	0.027714870951384	0.351549086372443
2	171075000	171125000	0.0276475267568786	0.368891748334268
2	169175000	169225000	0.0276148974482939	0.372004334047545
2	131725000	131775000	0.0276084651935413	0.358679239745661
2	218375000	218425000	0.027548389763294	0.361651469642336
2	227625000	227675000	0.0275303913232858	0.362911430041494
2	21575000	21625000	0.027529286594979	0.368593776596476
2	119275000	119325000	0.0273214746871354	0.363823364538166
2	174075000	174125000	0.0273176889577424	0.362674138733246
2	29425000	29475000	0.0273140855799802	0.370068243972091
2	54025000	54075000	0.0271759205158747	0.371857733544574
2	190575000	190625000	0.0270614073216147	0.364440907530759
2	225925000	225975000	0.0270118310169318	0.364709960554181
2	166675000	166725000	0.0269187210229044	0.371011642685831
2	219675000	219725000	0.0269072659888165	0.365971574642242
2	109475000	109525000	0.0268782913380038	0.366670747747195
2	148975000	149025000	0.026809565563693	0.362020691382068
2	242275000	242325000	0.0268037426210574	0.369979936488605
2	96925000	96975000	0.0266728205981845	0.361602596767478
2	211275000	211325000	0.0266005811940088	0.371578325791579
2	160875000	160925000	0.0265536491385239	0.372408630251071
2	240325000	240375000	0.0265473556212595	0.367983057583399
2	63725000	63775000	0.0264143792544662	0.366619594216404
2	83975000	84025000	0.0262464440880641	0.370111024156946
2	242125000	242175000	0.0261631144666338	0.368207287479512
2	16025000	16075000	0.0261327312994012	0.36301001056061
2	183825000	183875000	0.0261007582720172	0.364927045882759
2	219825000	219875000	0.0260387389655323	0.364222547570345
2	80475000	80525000	0.0259926294336934	0.361318142615407
2	112325000	112375000	0.0259404304730549	0.346223873844776
2	182975000	183025000	0.0259387195130931	0.366903854243381
2	126925000	126975000	0.0258393357467999	0.369968844601887
2	234325000	234375000	0.025793581103127	0.363901882245604
2	119925000	119975000	0.0257261583967271	0.365926137406425
2	625000	675000	0.0256812828204983	0.371305798307202
2	179525000	179575000	0.0256571539027148	0.367634633776374
2	241775000	241825000	0.0256547543457982	0.365057545364445
2	12275000	12325000	0.0256170978700251	0.361503497924086
2	109175000	109225000	0.0254493740956607	0.362839852921751
2	202225000	202275000	0.0254427227930832	0.362150714761939
2	178275000	178325000	0.0254082117448496	0.362771096630034
2	130675000	130725000	0.0252049439658206	0.362350340257133
2	128425000	128475000	0.0251160022409442	0.363068005862605
2	100475000	100525000	0.0251123120333956	0.362212650503468
2	130575000	130625000	0.0250951227997774	0.365988079248248
2	60425000	60475000	0.0249926955613706	0.364609241200629
2	27125000	27175000	0.0249694852986397	0.358283533338479
2	170075000	170125000	0.0249181082080214	0.361365900122024
2	84275000	84325000	0.0248693770866436	0.364607807015089
2	197125000	197175000	0.0248492232367005	0.354118198591292
2	70975000	71025000	0.0248399607955506	0.357353020152141
2	32375000	32425000	0.0248366949701169	0.368838706044303
2	99675000	99725000	0.0248038475584949	0.360453579089911
2	73175000	73225000	0.0246756127607003	0.361648961960204
2	207025000	207075000	0.0245921975790562	0.368000216581321
2	78825000	78875000	0.0245657882517735	0.369023326992535
2	233175000	233225000	0.0245427002453948	0.371312025842142
2	3275000	3325000	0.024472884662291	0.364608398556643
2	219325000	219375000	0.0243527123469595	0.358701446782384
2	228475000	228525000	0.0241302760525042	0.361675394491876
2	103875000	103925000	0.0240754887069587	0.366310499169427
2	100675000	100725000	0.024072416690836	0.360119167118462
2	163175000	163225000	0.0240696600312471	0.372029807419047
2	96775000	96825000	0.0238963612952586	0.357462019068967
2	157175000	157225000	0.0238587709992691	0.3662655248371
2	158325000	158375000	0.0236892169693932	0.367030215968825
2	25775000	25825000	0.0236543451960552	0.358732927791118
2	61375000	61425000	0.0236351296908701	0.369473937182741
2	120025000	120075000	0.0235852742902323	0.365388380056947
2	74625000	74675000	0.0235357732141316	0.361602403611028
2	216275000	216325000	0.023521351720259	0.368112187191854
2	136575000	136625000	0.023428084891162	0.371061929731073
2	58975000	59025000	0.0234084924410988	0.359530003915515
2	133275000	133325000	0.0233001971057948	0.363806502271804
2	177675000	177725000	0.0232438561189796	0.359670962560221
2	205525000	205575000	0.0232308510482829	0.361295818101164
2	222425000	222475000	0.0231836569325594	0.371232217851493
2	99425000	99475000	0.0231270844301485	0.358070601333036
2	177275000	177325000	0.0230463297669885	0.358303166672278
2	74025000	74075000	0.0230434087292277	0.360946432945331
2	188875000	188925000	0.0230193897343163	0.359309702327755
2	219225000	219275000	0.0229763950153334	0.355655438039356
2	68525000	68575000	0.0229688595150696	0.358980533298714
2	47375000	47425000	0.0229602675701222	0.35050550497139
2	178825000	178875000	0.0228666951648974	0.358694336724536
2	168675000	168725000	0.0227624375259556	0.370220602024291
2	153025000	153075000	0.0227303737814898	0.36747343311903
2	207125000	207175000	0.0226252614792562	0.367585949678735
2	99575000	99625000	0.0225493270188739	0.357916572698879
2	206125000	206175000	0.0225276777951858	0.363643922862725
2	99775000	99825000	0.0224897725092496	0.358421989892077
2	204775000	204825000	0.0224487611037585	0.364990654864607
2	70275000	70325000	0.0224192686427639	0.35529455800063
2	147425000	147475000	0.0223428372629901	0.369620845389112
2	103725000	103775000	0.0223008851901957	0.36410850162044
2	15025000	15075000	0.0222005916481758	0.368139432218993
2	220375000	220425000	0.0221820675933896	0.362849616574575
2	139425000	139475000	0.0221150740279115	0.366774673618296
2	58525000	58575000	0.022034659735442	0.363281888785597
2	79425000	79475000	0.02203172337757	0.367279855253253
2	120225000	120275000	0.0219831144219764	0.366036721264351
2	17075000	17125000	0.0219735647137027	0.357067765334769
2	240025000	240075000	0.0218891522718536	0.365982407264475
2	210075000	210125000	0.0218350537158836	0.365849731577362
2	231025000	231075000	0.0218247745339052	0.367666123147438
2	236275000	236325000	0.0218166158381758	0.35785889912848
2	129475000	129525000	0.0216283194193423	0.370904364147822
2	204875000	204925000	0.0214341067040053	0.362440655390288
2	123025000	123075000	0.0213924531288804	0.362098717720123
2	43325000	43375000	0.0213214180674997	0.353227823384264
2	2475000	2525000	0.0212928764507304	0.371060409839794
2	132725000	132775000	0.0212584418707531	0.353511486835282
2	58125000	58175000	0.0212093916812855	0.366672070547298
2	176675000	176725000	0.0212070164586659	0.355471303862833
2	200075000	200125000	0.0211477049045323	0.365445922910804
2	241975000	242025000	0.0211089878607016	0.362021140018909
2	162975000	163025000	0.0209636199400522	0.36874661176085
2	61725000	61775000	0.0209174774919189	0.368843212635928
2	146225000	146275000	0.0208690028298943	0.363524053258979
2	17825000	17875000	0.0208495387722913	0.361203243150993
2	158025000	158075000	0.0207920384053995	0.37123029971688
2	234825000	234875000	0.0206664346280776	0.363292234278528
2	189075000	189125000	0.020656557179008	0.356648934446009
2	1525000	1575000	0.0206092045658409	0.368001449506324
2	151725000	151775000	0.0205475140118575	0.360719875296127
2	201575000	201625000	0.0205328942148151	0.356471379302995
2	208475000	208525000	0.0205035916836646	0.360070949586486
2	209975000	210025000	0.0204150872233002	0.363577258905511
2	146525000	146575000	0.0202945073456342	0.364326010608798
2	33225000	33275000	0.0202372380606837	0.359972441045054
2	180575000	180625000	0.0201293507147669	0.368679426103874
2	134975000	135025000	0.020107277506381	0.354751834311195
2	31575000	31625000	0.0201051011275551	0.369502509340191
2	168575000	168625000	0.0200969586281272	0.368402857289141
2	72975000	73025000	0.0199938161233599	0.36617916155095
2	66375000	66425000	0.0199917074222591	0.351984189719726
2	925000	975000	0.0199480224491382	0.365900144750046
2	158125000	158175000	0.0199445193446476	0.368017026552112
2	12175000	12225000	0.0198895266176115	0.355404589286317
2	216075000	216125000	0.0198545855638214	0.36880247694638
2	21075000	21125000	0.0198422350311895	0.350512259230085
2	188975000	189025000	0.0198316693049207	0.355973014235141
2	144025000	144075000	0.0198312789185314	0.362749775823969
2	162425000	162475000	0.0198196586183058	0.36617662830025
2	174725000	174775000	0.0195886215967689	0.36333938337119
2	217825000	217875000	0.0195748917217205	0.355230953361258
2	140525000	140575000	0.0194529570911747	0.366760777620878
2	160325000	160375000	0.0193991700715446	0.358718848390655
2	101825000	101875000	0.0193957072777324	0.358127006835299
2	235175000	235225000	0.0193758096616436	0.359851411915538
2	149575000	149625000	0.0193754386466124	0.356977387436676
2	144275000	144325000	0.0193584891962443	0.365842844120695
2	105675000	105725000	0.0193477704537414	0.359789062682217
2	205425000	205475000	0.0193427524910543	0.356127800077991
2	230825000	230875000	0.0191151112137544	0.366032688979648
2	105525000	105575000	0.0190526316048241	0.364474726098063
2	110025000	110075000	0.0188832167639013	0.357799109403652
2	165525000	165575000	0.0188660628029017	0.367754937345468
2	145775000	145825000	0.018781397953393	0.360772230697063
2	109725000	109775000	0.0187529106228211	0.360547015017931
2	148325000	148375000	0.0187317298374612	0.358195105463906
2	132275000	132325000	0.0186837553407343	0.356918882776692
2	59175000	59225000	0.01864503812602	0.358950875786134
2	161325000	161375000	0.0186145894842791	0.3659128509586
2	118925000	118975000	0.0185491300350245	0.361203987069889
2	123175000	123225000	0.0185346000510607	0.362317749317498
2	39725000	39775000	0.018516630095617	0.354623553762028
2	147775000	147825000	0.0184941979338606	0.363292524666396
2	198025000	198075000	0.0183963305483638	0.34929197488983
2	239375000	239425000	0.0183723541476177	0.363316874221739
2	63275000	63325000	0.0183601747030527	0.360215724500266
2	201075000	201125000	0.0182961579156595	0.354950766235036
2	227475000	227525000	0.0182105102011323	0.357764635330394
2	23375000	23425000	0.0182012703367452	0.366350801128578
2	35625000	35675000	0.0181279554597067	0.367290782773729
2	124725000	124775000	0.0180886696838348	0.36632102828439
2	34275000	34325000	0.0179867631333394	0.363318838316338
2	59475000	59525000	0.0179020881834342	0.364484415122094
2	12525000	12575000	0.0178997059004633	0.354714449417912
2	81575000	81625000	0.0178990930901789	0.365687735145608
2	234625000	234675000	0.0178546684411145	0.361709152318169
2	145875000	145925000	0.0178531269887894	0.359991563662551
2	128775000	128825000	0.0178464980057168	0.363714029224563
2	60025000	60075000	0.0178353866849154	0.362503945293511
2	163975000	164025000	0.0177900620667314	0.369045310247951
2	169975000	170025000	0.0177877300331447	0.354783252781039
2	143375000	143425000	0.0177792146606884	0.363379422695818
2	36025000	36075000	0.0177735045461169	0.363697242100626
2	75275000	75325000	0.0176829913290322	0.362443279672518
2	41625000	41675000	0.017524497189469	0.356384581212499
2	233275000	233325000	0.0175077143679348	0.364544010881366
2	172625000	172675000	0.0173411393676081	0.362038559914958
2	129075000	129125000	0.0172757851591117	0.364353411203424
2	46975000	47025000	0.0172704085972308	0.348758164390404
2	215875000	215925000	0.0170797586617621	0.366596080858763
2	135975000	136025000	0.0170297128057784	0.362172156686682
2	66925000	66975000	0.0170140963226629	0.359948031596163
2	189675000	189725000	0.0169574972104701	0.34655599863213
2	166825000	166875000	0.0169394449720826	0.359195978390114
2	128925000	128975000	0.0168908168465366	0.363363395478116
2	47775000	47825000	0.016860093245553	0.34553965948833
2	207625000	207675000	0.016688778710619	0.365191446643124
2	195675000	195725000	0.0166006875011972	0.363513037872569
2	30025000	30075000	0.0165741882467956	0.358154225304112
2	77875000	77925000	0.0165204611130174	0.368286011531097
2	24375000	24425000	0.0165064165393514	0.361482142738671
2	59275000	59325000	0.0164570688537879	0.358855069606751
2	138225000	138275000	0.0164461832839009	0.357969989969529
2	182275000	182325000	0.0162614134697593	0.356575091762094
2	179775000	179825000	0.0162406451796797	0.36203555902694
2	15125000	15175000	0.0162007196395976	0.361566405397854
2	190825000	190875000	0.0161883657407159	0.357878738162684
2	151275000	151325000	0.0160960891851477	0.358551495679197
2	184875000	184925000	0.0160283158750142	0.362372838541485
2	2975000	3025000	0.0160157534041863	0.363070039185911
2	194275000	194325000	0.0160105001435987	0.363035798735953
2	165375000	165425000	0.0159480700786662	0.365539714058935
2	53675000	53725000	0.0158195378415689	0.365131097425514
2	162125000	162175000	0.0158165943888242	0.359091297731469
2	133425000	133475000	0.0156980928410241	0.35893157048347
2	24275000	24325000	0.0156965771357253	0.361968908857018
2	199925000	199975000	0.0156570150184719	0.360877229775032
2	140725000	140775000	0.0156192958094408	0.364201147215862
2	104225000	104275000	0.015528738621106	0.360435486161805
2	73275000	73325000	0.0155180048108824	0.346009099691625
2	157725000	157775000	0.0154194489234902	0.365213748769711
2	160225000	160275000	0.0153836822601102	0.35501599047485
2	30625000	30675000	0.0153775382806342	0.350137101051118
2	63425000	63475000	0.0153525368657712	0.358818851046923
2	146675000	146725000	0.0151920141535595	0.360845384877565
2	144875000	144925000	0.0151554712442879	0.357670880554566
2	84875000	84925000	0.0151254046259675	0.35330684374345
2	151375000	151425000	0.0150927507177144	0.357040813831813
2	156975000	157025000	0.0150831854701281	0.358036910967159
2	185425000	185475000	0.0150019601791969	0.362659254735012
2	145575000	145625000	0.014925519916098	0.356621144799583
2	72525000	72575000	0.0148875163685618	0.356169578099873
2	124275000	124325000	0.0148583870628032	0.363591721100831
2	19275000	19325000	0.0148153938947859	0.357797347840473
2	60125000	60175000	0.0148134958050137	0.358219051171275
2	210175000	210225000	0.0147775801558402	0.359644764196587
2	51975000	52025000	0.0147584680592461	0.363525900742209
2	215675000	215725000	0.0147252629867654	0.361021390901688
2	226125000	226175000	0.0147077317864817	0.356270753506871
2	234975000	235025000	0.0146475495099542	0.356351835990452
2	5525000	5575000	0.0146334173363708	0.364337298410306
2	45575000	45625000	0.0144867879247069	0.357192064273042
2	16275000	16325000	0.0144397206926762	0.347802854682481
2	220875000	220925000	0.0143901025594287	0.360208116373584
2	144125000	144175000	0.0143845754411416	0.358729415554184
2	166125000	166175000	0.0143596256273262	0.361012610735729
2	148475000	148525000	0.0142500681234382	0.352258457084585
2	81075000	81125000	0.0141485659359251	0.356272149412392
2	225325000	225375000	0.0140497265090733	0.342159942540175
2	206275000	206325000	0.0140482129523908	0.354307393950242
2	240675000	240725000	0.014037658222201	0.357313248421771
2	82525000	82575000	0.0140063407133253	0.365103540222812
2	237625000	237675000	0.0139865486373283	0.355786301776877
2	172525000	172575000	0.0139797688534535	0.360551287536014
2	166225000	166275000	0.013945542089635	0.360417608397892
2	74125000	74175000	0.0139185085867843	0.353343398016422
2	23175000	23225000	0.0138988697045141	0.363438203320929
2	75625000	75675000	0.0138241165215496	0.360509374935566
2	148075000	148125000	0.0137687993993734	0.355657152801314
2	76425000	76475000	0.0137585713327861	0.361753956485681
2	181525000	181575000	0.013750235093322	0.358328273773881
2	199525000	199575000	0.0137082933617121	0.358031114816901
2	138325000	138375000	0.0136357854697366	0.351885116883237
2	210425000	210475000	0.0136280267235318	0.358452680237614
2	186125000	186175000	0.0136036726743278	0.364197051466526
2	154375000	154425000	0.013545334329036	0.363374512149297
2	156775000	156825000	0.0135041422569415	0.357004839413172
2	215275000	215325000	0.0134921451150661	0.364566715908034
2	194525000	194575000	0.0133997596440379	0.360568267120439
2	41425000	41475000	0.0133415540478049	0.35708969455524
2	214575000	214625000	0.0133080111936995	0.360029353366539
2	181425000	181475000	0.0132961348096837	0.35845876628549
2	133975000	134025000	0.0132688657383804	0.362074911028649
2	231125000	231175000	0.0132592624661128	0.358160706792109
2	78325000	78375000	0.0132309086984282	0.361894761513365
2	161175000	161225000	0.013229329319067	0.360947272727345
2	224675000	224725000	0.0132241620812574	0.360466844122667
2	181675000	181725000	0.013199777739658	0.357812045666392
2	78525000	78575000	0.0131984445439302	0.359693257560536
2	40425000	40475000	0.0131948314055982	0.358021796441976
2	151125000	151175000	0.0131801526880824	0.356396574252059
2	166575000	166625000	0.0131772950683244	0.358494475561181
2	194975000	195025000	0.0131748183102567	0.360601101777942
2	19175000	19225000	0.0130252422554571	0.356996672431274
2	193575000	193625000	0.013020101358816	0.361000547203213
2	36225000	36275000	0.0130132682946637	0.356812350725787
2	17175000	17225000	0.012998701478	0.351877776590406
2	187075000	187125000	0.0129727706407511	0.35951278866028
2	144575000	144625000	0.0129255881847595	0.360557221517075
2	6675000	6725000	0.0128673555641652	0.350193682498871
2	233025000	233075000	0.0128274872049721	0.355066752049096
2	134275000	134325000	0.0127998695965444	0.358206130308128
2	68025000	68075000	0.0127639359641178	0.359172285915172
2	146125000	146175000	0.0127408172882391	0.355248263787232
2	76925000	76975000	0.0127311518356734	0.362960390520465
2	151575000	151625000	0.0127105995329832	0.353643975887179
2	275000	325000	0.0126241012741872	0.362263864881951
2	227325000	227375000	0.0125869008065925	0.356314112346907
2	81325000	81375000	0.0125532096618285	0.357509322427777
2	61875000	61925000	0.0125410109836509	0.358832546133385
2	207975000	208025000	0.0124819788485863	0.358638286570623
2	207525000	207575000	0.0124564951181024	0.361517176979915
2	120725000	120775000	0.0124422686813067	0.354379677519168
2	212025000	212075000	0.0124233631003747	0.360832755923101
2	156525000	156575000	0.0124081628034238	0.356592574533654
2	229825000	229875000	0.0123834094515449	0.360570442334428
2	118025000	118075000	0.0123584170196931	0.360992206144885
2	212875000	212925000	0.0123466076880014	0.360336221066835
2	116775000	116825000	0.0123359275769387	0.363822028900103
2	31875000	31925000	0.0123018957660389	0.361034629968045
2	194875000	194925000	0.0123000292543973	0.359669029168464
2	118175000	118225000	0.0121801301937964	0.360002349752838
2	81825000	81875000	0.0121759132379295	0.36186544562357
2	34975000	35025000	0.0121688722596981	0.361968201079232
2	125075000	125125000	0.0121603276688059	0.361947256688377
2	103625000	103675000	0.0121585264104309	0.353681213485859
2	212575000	212625000	0.0121523023126203	0.360537588478493
2	150875000	150925000	0.012084240809082	0.356757344510361
2	163675000	163725000	0.0120840450675346	0.361935489995719
2	3175000	3225000	0.0120790200135366	0.355297287269584
2	138125000	138175000	0.012060423153384	0.35685870511114
2	211475000	211525000	0.012052053816757	0.361072812857498
2	184525000	184575000	0.0120132352968922	0.355851679611453
2	207375000	207425000	0.0120042965401441	0.360846657732657
2	77575000	77625000	0.0118939835180418	0.363355809747412
2	215475000	215525000	0.0118575017450475	0.359741505995978
2	31375000	31425000	0.011845482965027	0.35996603832353
2	184425000	184475000	0.0118194466209887	0.35494186854929
2	102175000	102225000	0.0118113720784275	0.35424426400199
2	12075000	12125000	0.0117738122757335	0.346917537559083
2	104375000	104425000	0.011734049140577	0.358742675049873
2	6525000	6575000	0.011717780119249	0.355157666741887
2	67475000	67525000	0.0117080796406605	0.361432155848392
2	76775000	76825000	0.0117014322097302	0.361244778801557
2	22025000	22075000	0.0116995425408674	0.360384990110868
2	133575000	133625000	0.0116832552456905	0.357643905364573
2	184725000	184775000	0.0116756344099277	0.356946123497008
2	213725000	213775000	0.0115832578849704	0.355316999892956
2	29575000	29625000	0.0115614923059202	0.358441155610526
2	26525000	26575000	0.0115562233043694	0.347223490434165
2	229425000	229475000	0.0115333996130488	0.359481334239312
2	165275000	165325000	0.0114905498825228	0.36155070682126
2	179925000	179975000	0.0114632426695895	0.35946137489896
2	209525000	209575000	0.0114208592874251	0.350072108300145
2	15875000	15925000	0.0113870929879278	0.350372859411978
2	230175000	230225000	0.011380966724286	0.359150549372896
2	34775000	34825000	0.0113696725387994	0.361280522308391
2	191025000	191075000	0.0113385847615883	0.349829365501763
2	76275000	76325000	0.0112977763676908	0.35864660951111
2	239775000	239825000	0.0112809158064602	0.358677962238763
2	167925000	167975000	0.0112502998871709	0.359824754478929
2	60625000	60675000	0.011243667352662	0.348334206507251
2	56925000	56975000	0.011195722913082	0.360610044889511
2	162775000	162825000	0.011140712638146	0.358746548891942
2	181325000	181375000	0.0110718903905709	0.356819114661624
2	137675000	137725000	0.0110649282685759	0.359697987458733
2	239675000	239725000	0.0110644456829133	0.358702604226513
2	144725000	144775000	0.0110367622116297	0.356110283532926
2	44425000	44475000	0.011016343071833	0.349756573035531
2	229525000	229575000	0.01100042871285	0.35918718396293
2	81425000	81475000	0.0109883355607371	0.357077460042478
2	21875000	21925000	0.0109747723841546	0.357119900764654
2	29875000	29925000	0.0109456282374484	0.355975649375745
2	161075000	161125000	0.0109434761739994	0.358941207538249
2	195375000	195425000	0.0108974886613084	0.358552906343469
2	154025000	154075000	0.0108928231529367	0.359082328110076
2	141625000	141675000	0.0108864369927034	0.363832602833484
2	186525000	186575000	0.0108321361624807	0.360271103138568
2	152625000	152675000	0.0108248439167934	0.349148203004027
2	57325000	57375000	0.0108029706002861	0.357939421792352
2	4925000	4975000	0.0107705740093865	0.359590931766241
2	193875000	193925000	0.0106142131704904	0.358786165525845
2	146875000	146925000	0.0105882880307483	0.358404148702544
2	213075000	213125000	0.0105738560524484	0.358299687573256
2	2725000	2775000	0.0105614400613241	0.359498888753004
2	184625000	184675000	0.0105533850081999	0.355107851709021
2	33125000	33175000	0.0105321925997607	0.351224018485038
2	104525000	104575000	0.0105296590491184	0.359640163327012
2	130125000	130175000	0.0105150946806208	0.36041381842823
2	180775000	180825000	0.0104897153403038	0.358503243077436
2	13525000	13575000	0.0104700314320816	0.356044948593235
2	180225000	180275000	0.0104643775117874	0.360021122336017
2	44975000	45025000	0.0104359621851974	0.354506914316189
2	150775000	150825000	0.0104307679333431	0.355799538701998
2	186825000	186875000	0.0104170409539792	0.35935432895655
2	140075000	140125000	0.010410419428416	0.358249417300072
2	212275000	212325000	0.0104086910824233	0.359217098378147
2	185525000	185575000	0.0103286327394715	0.357826832603186
2	138025000	138075000	0.0103175075307542	0.358390264760637
2	40775000	40825000	0.0102647375139954	0.359116850260478
2	78175000	78225000	0.010235912609001	0.360526545272686
2	4375000	4425000	0.0102252444739934	0.358330223785102
2	5675000	5725000	0.0102180238816291	0.35882909849897
2	56525000	56575000	0.0102040717653566	0.355068936621111
2	13725000	13775000	0.0102025882374719	0.358538900085396
2	227025000	227075000	0.0101933773758115	0.358916511672357
2	49675000	49725000	0.0101132151804605	0.358962170375976
2	5875000	5925000	0.0101012605071322	0.35918418974096
2	117775000	117825000	0.0100804564649838	0.36006686153376
2	1075000	1125000	0.0100670547065789	0.357125292429795
2	2875000	2925000	0.0100302450485174	0.357837795994224
2	4825000	4875000	0.0100114834527041	0.361279521002263
2	52075000	52125000	0.0099755871220088	0.359652308162358
2	210625000	210675000	0.00997192076877024	0.347806402742047
2	137425000	137475000	0.00995922310524017	0.357694835898907
2	179125000	179175000	0.00994248196567271	0.345812067481568
2	82075000	82125000	0.00993333672615188	0.360126301003098
2	223125000	223175000	0.00992132389536143	0.349555887256694
2	239475000	239525000	0.00991445251610834	0.356895843681179
2	136175000	136225000	0.00990453172458261	0.357124037336855
2	53775000	53825000	0.00988332953790422	0.357872104391779
2	83175000	83225000	0.00985744893818907	0.361729469091295
2	224275000	224325000	0.00984947509789896	0.358783636723121
2	104875000	104925000	0.00984657954999929	0.361797127171915
2	229075000	229125000	0.00982640539885277	0.356938467841758
2	123375000	123425000	0.00979607219959489	0.357681734366291
2	1175000	1225000	0.00976977097144238	0.357565418976198
2	155275000	155325000	0.00974526294961331	0.360622297968379
2	105025000	105075000	0.00974024684500885	0.361728333319482
2	212375000	212425000	0.00963610261730968	0.358294320088812
2	40625000	40675000	0.00961985473444982	0.356746904176602
2	123575000	123625000	0.00961939428546538	0.361607569352421
2	214725000	214775000	0.00961817794211328	0.357205316171411
2	51075000	51125000	0.00961600309739935	0.358468284613718
2	2075000	2125000	0.00959135510200287	0.358617518588989
2	77425000	77475000	0.0095885265777097	0.360874213104951
2	124125000	124175000	0.00957250013023525	0.359674242771343
2	163525000	163575000	0.00955383614168875	0.35865166784196
2	14625000	14675000	0.00954666181354463	0.357407447703965
2	51775000	51825000	0.00953817905044596	0.358870967039944
2	211825000	211875000	0.00953472775466763	0.356695522158736
2	120575000	120625000	0.00950473637705179	0.352479019800381
2	82325000	82375000	0.00941296143825937	0.360109357606513
2	49825000	49875000	0.00938174354581472	0.359438666587345
2	167675000	167725000	0.00937351335027031	0.356619330820976
2	2175000	2225000	0.00935690772106562	0.35896267284655
2	18925000	18975000	0.009332987900671	0.355016347213773
2	117075000	117125000	0.00932472260521156	0.360849679571228
2	166325000	166375000	0.00931261675747758	0.35560376426559
2	40875000	40925000	0.00925193502735167	0.359254089976721
2	228875000	228925000	0.0092320086569917	0.354962649823305
2	24825000	24875000	0.00922374037567059	0.348420088966794
2	185175000	185225000	0.00921441021667913	0.357269441502748
2	236875000	236925000	0.00920723056056921	0.349143401041891
2	156025000	156075000	0.00920546825167828	0.356819811415755
2	194075000	194125000	0.00919409892537809	0.356104830410495
2	180025000	180075000	0.00919132539196355	0.358541947206672
2	141725000	141775000	0.00916765641809381	0.362615982432042
2	185775000	185825000	0.0091259687102358	0.360558171012063
2	174525000	174575000	0.0090284994957559	0.358516678923926
2	207875000	207925000	0.00901227111525288	0.355923248495544
2	37875000	37925000	0.00893890570249994	0.346928411778884
2	50975000	51025000	0.00892662093938473	0.356712067422218
2	171375000	171425000	0.00892038907406151	0.349787493541503
2	23075000	23125000	0.00891015229705328	0.359144387325759
2	22575000	22625000	0.00888640939397151	0.360945528416741
2	51575000	51625000	0.00882309932228664	0.359515886625423
2	193425000	193475000	0.00878971009577062	0.353903170879638
2	14325000	14375000	0.00877848634789263	0.357802725780035
2	150225000	150275000	0.00877129745774413	0.351924472989008
2	124475000	124525000	0.00876413520626163	0.356614682822219
2	235675000	235725000	0.00870837116998807	0.35201349844678
2	34425000	34475000	0.00870417247780009	0.356867153125298
2	140275000	140325000	0.00869811345386656	0.356301032506877
2	242425000	242475000	0.00864433703724671	0.351574049971051
2	237775000	237825000	0.00860071203936136	0.348561772096918
2	155675000	155725000	0.00858740511496731	0.359024826872327
2	172075000	172125000	0.00857046933911937	0.350746059161314
2	126325000	126375000	0.0085628750810216	0.360903991723356
2	221075000	221125000	0.00854181305109225	0.356420012798436
2	125475000	125525000	0.00849694737591461	0.360060528302934
2	59825000	59875000	0.0084960404231334	0.355690605516398
2	525000	575000	0.00845616176838249	0.35522789100396
2	49425000	49475000	0.00844918427885216	0.35528485973101
2	13625000	13675000	0.00844553986795216	0.35540115437249
2	215025000	215075000	0.00844221400911438	0.358040761820191
2	5375000	5425000	0.00843646260650521	0.359233150137034
2	165125000	165175000	0.00842612841078216	0.359189054787222
2	35825000	35875000	0.00840106343628938	0.356112715951765
2	118325000	118375000	0.00837803829738604	0.355630294030636
2	171975000	172025000	0.00837408062388095	0.349216425964082
2	34675000	34725000	0.00836790542847687	0.358334515673098
2	210275000	210325000	0.00836639409410156	0.354086084314117
2	67875000	67925000	0.00835357813585125	0.357982055680383
2	193275000	193325000	0.00834410363144855	0.350220632375989
2	195575000	195625000	0.00828882747764415	0.355753839609827
2	195925000	195975000	0.00827203218218309	0.353572224608573
2	129775000	129825000	0.00823172142881279	0.359595299358078
2	130425000	130475000	0.00817694771727812	0.354691244401485
2	24125000	24175000	0.00817373935176641	0.355592265526201
2	115875000	115925000	0.0081404511077936	0.360641107541831
2	194775000	194825000	0.00807431567628492	0.355386032036733
2	67725000	67775000	0.00805005574512102	0.35847254423949
2	221525000	221575000	0.0080390285617532	0.358344475401557
2	155875000	155925000	0.00801148018029302	0.35688717840598
2	51275000	51325000	0.00799216131943464	0.358978112902724
2	6275000	6325000	0.00797591669098102	0.359288508419079
2	117875000	117925000	0.00796658450170101	0.357411943193043
2	155575000	155625000	0.0079390425777513	0.358773921272099
2	82875000	82925000	0.00792585563048465	0.35971426458512
2	229975000	230025000	0.0079100162269935	0.355918141866617
2	163425000	163475000	0.00789735473865888	0.35649277762032
2	22225000	22275000	0.00788727099800962	0.357166541699407
2	143225000	143275000	0.00786215269947393	0.356851565905334
2	229725000	229775000	0.00785777106754371	0.356164075445934
2	235775000	235825000	0.00784885830633492	0.352014952367177
2	51875000	51925000	0.0078167899112016	0.356469578243881
2	212975000	213025000	0.00778275958196378	0.355640482031784
2	126775000	126825000	0.00777719909074059	0.356128186627521
2	50325000	50375000	0.00773714799958236	0.35752361607396
2	224425000	224475000	0.00772924889215681	0.35779245173012
2	83675000	83725000	0.00772265045308046	0.358885932536591
2	126625000	126675000	0.00772006960725435	0.359053349120082
2	178475000	178525000	0.00769128461908691	0.344529086152575
2	130025000	130075000	0.00764991892843309	0.358152901469971
2	116675000	116725000	0.00756742834059587	0.360018541065544
2	35375000	35425000	0.00755299136683724	0.357616399598617
2	52625000	52675000	0.00751921439859204	0.360348144580773
2	211575000	211625000	0.00751340572273829	0.355540459225079
2	117325000	117375000	0.00750183547494288	0.359548153784705
2	137875000	137925000	0.00749977860093587	0.356850794908286
2	134375000	134425000	0.00744349673465206	0.351716495920008
2	199775000	199825000	0.00744057608980342	0.353023445712962
2	52325000	52375000	0.0074147781737644	0.35936472010758
2	221875000	221925000	0.00740423697119003	0.358685411894877
2	49575000	49625000	0.00739100411114718	0.35543464740932
2	157825000	157875000	0.00733493358330661	0.358634091214165
2	77075000	77125000	0.00731077211346787	0.358072170499462
2	209825000	209875000	0.00730576122015403	0.349189173633462
2	79675000	79725000	0.00728322233238754	0.352860768014288
2	41225000	41275000	0.00728032464176909	0.355916521633609
2	164525000	164575000	0.00719693856155834	0.359759189939938
2	147025000	147075000	0.00719347033334189	0.355910676254635
2	167825000	167875000	0.00718010159615612	0.355553947125259
2	221225000	221275000	0.00715897241533975	0.35626685857583
2	65625000	65675000	0.00713614147972286	0.339436116458346
2	168275000	168325000	0.0071056286833367	0.356382214994386
2	6075000	6125000	0.00709318908786621	0.35729094956883
2	6175000	6225000	0.00706567428685406	0.357820850391385
2	50125000	50175000	0.00706042469621487	0.357691705806688
2	214825000	214875000	0.00705832000019385	0.355222655600463
2	142975000	143025000	0.00705520290601802	0.359656482311662
2	115625000	115675000	0.00704363790943352	0.359718353279343
2	199675000	199725000	0.00703516044833596	0.352114010804307
2	83875000	83925000	0.00702249638542113	0.353778207737371
2	184325000	184375000	0.00698699574114636	0.349393395283188
2	154675000	154725000	0.00698681501377746	0.358475773519671
2	5225000	5275000	0.00697368426794859	0.357713167974655
2	115325000	115375000	0.00696628176856112	0.358551198229795
2	117675000	117725000	0.00696601584033968	0.357493467286549
2	13925000	13975000	0.00687905520347804	0.357152847789813
2	126475000	126525000	0.00687804964494609	0.358715247722527
2	229325000	229375000	0.00686530108050992	0.354574415082957
2	215125000	215175000	0.00685620676528287	0.35759158688506
2	22125000	22175000	0.00682017278582925	0.356268076775073
2	164925000	164975000	0.00680364047515281	0.358227660200656
2	154175000	154225000	0.00680164242699194	0.35559848427436
2	104775000	104825000	0.00676361391999619	0.358689135640206
2	214275000	214325000	0.00675766094011998	0.351747411000045
2	142875000	142925000	0.00671551428106615	0.360218391077353
2	222125000	222175000	0.00665791072526123	0.35739037568361
2	186375000	186425000	0.00662708441619481	0.35631689087904
2	56625000	56675000	0.00661944976029094	0.355466398856646
2	134125000	134175000	0.00661559610851514	0.353721749109441
2	123925000	123975000	0.00657532246535303	0.358265995430659
2	125325000	125375000	0.0065532265515777	0.357450563013304
2	193725000	193775000	0.00654841454397748	0.356010229546379
2	29775000	29825000	0.00654060312341992	0.353870613649036
2	114925000	114975000	0.00647944304997899	0.353663571291874
2	57425000	57475000	0.00647212564315536	0.353039109139131
2	186225000	186275000	0.00645805044550907	0.356398696395112
2	115125000	115175000	0.0064317087839989	0.356546337006239
2	77175000	77225000	0.00642016767604103	0.35733136267382
2	125225000	125275000	0.00640711307771608	0.35686028656258
2	168125000	168175000	0.00640161661612759	0.355377289333195
2	75475000	75525000	0.00639945431995542	0.353079605917993
2	44825000	44875000	0.00638897990122778	0.349965870270621
2	216525000	216575000	0.00632658686054477	0.345471102443435
2	79825000	79875000	0.00629424962926384	0.352069443594894
2	95725000	95775000	0.00628687635493869	0.335257796595748
2	164125000	164175000	0.00625467235321381	0.358160110559555
2	139875000	139925000	0.00625055632828975	0.354325633018591
2	185675000	185725000	0.0062259070185785	0.355651334428324
2	142425000	142475000	0.00618772627339359	0.359748642376998
2	154975000	155025000	0.00615545894948871	0.357439624684331
2	52225000	52275000	0.00607846784826377	0.357119121424693
2	14475000	14525000	0.00607548202983521	0.354517994691116
2	213225000	213275000	0.00606725474189429	0.353310268189706
2	5775000	5825000	0.00606471653801871	0.354590230148279
2	180325000	180375000	0.0060394172197954	0.355282747521926
2	41025000	41075000	0.00603913967662278	0.357766357930323
2	136825000	136875000	0.00601917067873686	0.35250955844776
2	63525000	63575000	0.00600562840238805	0.350545785506165
2	142275000	142325000	0.00599796820963783	0.359197359420388
2	221375000	221425000	0.00594535123674261	0.355652017736889
2	22325000	22375000	0.00593402887904892	0.355606343764072
2	123675000	123725000	0.0059254956150554	0.358718777185956
2	142025000	142075000	0.005869977318888	0.359078716926524
2	22775000	22825000	0.00585525444899526	0.358174193714573
2	82725000	82775000	0.00581707397267084	0.357309250307957
2	133725000	133775000	0.00577554891786414	0.354463371513183
2	171525000	171575000	0.00577517252969623	0.346453718442164
2	115975000	116025000	0.00576852205776651	0.358199554917456
2	137575000	137625000	0.00573996178342145	0.354014042414982
2	53275000	53325000	0.00572872815009667	0.359044416450644
2	137325000	137375000	0.00572140505626662	0.35305855232215
2	155425000	155475000	0.0056981415937491	0.356554098450306
2	77275000	77325000	0.00565271268608847	0.356713704295653
2	117475000	117525000	0.00563117487882064	0.357240719079898
2	78075000	78125000	0.00562430468394931	0.3569994572468
2	161525000	161575000	0.00561967658459656	0.352358362146975
2	35275000	35325000	0.00559638047076788	0.355471988521396
2	116325000	116375000	0.00557101668661075	0.358523548515972
2	76575000	76625000	0.00556080872878489	0.354202745891155
2	143575000	143625000	0.00554323819945179	0.347664384918031
2	124375000	124425000	0.00551070942823878	0.353645690524892
2	51475000	51525000	0.00547644135988556	0.356849228319841
2	186025000	186075000	0.0054293365342104	0.357160954687093
2	126075000	126125000	0.00542478086608511	0.358605761783009
2	153825000	153875000	0.00537323271794032	0.352828110397471
2	124025000	124075000	0.00532104621267343	0.356335061255834
2	141025000	141075000	0.00529483856382579	0.358052900828367
2	31225000	31275000	0.0052616428629999	0.352424558580903
2	226825000	226875000	0.0052534995088393	0.352840248888371
2	83475000	83525000	0.00520154499369146	0.35664832230504
2	125975000	126025000	0.00516303108551919	0.358454284250909
2	38325000	38375000	0.005143978866402	0.343601574215923
2	50025000	50075000	0.00512453142975866	0.35617821905828
2	183275000	183325000	0.00507837596061006	0.349480303539239
2	166475000	166525000	0.00505713717148926	0.351076906479384
2	4675000	4725000	0.00503717539859133	0.356432328310802
2	4575000	4625000	0.00502597928641241	0.355324407664922
2	153175000	153225000	0.00498453386944697	0.350784636513036
2	218725000	218775000	0.00496237801896959	0.338077196777696
2	141125000	141175000	0.00494847369366697	0.358244924622912
2	14075000	14125000	0.0049326384744951	0.354805735230831
2	126175000	126225000	0.00492996521079553	0.357775000417884
2	125000	175000	0.0049110489997794	0.358613177333999
2	83575000	83625000	0.00487422452384823	0.356179254221278
2	62375000	62425000	0.00476289933689483	0.345607101172379
2	208175000	208225000	0.0047549725933948	0.349401940998924
2	214375000	214425000	0.00474193016637292	0.350308877597269
2	52925000	52975000	0.00470407253658539	0.358042215602373
2	41125000	41175000	0.00453734315303167	0.355617568387075
2	142675000	142725000	0.00453674097130746	0.358700198563002
2	204475000	204525000	0.00451839861584841	0.348943589729748
2	116975000	117025000	0.00450454856192078	0.355820960990439
2	1375000	1425000	0.00448946979905857	0.352566202747029
2	224175000	224225000	0.00448251329230498	0.350706028453321
2	102275000	102325000	0.00447496909598716	0.347965458838405
2	6375000	6425000	0.00443335555899788	0.353986801869569
2	140925000	140975000	0.00442810398368826	0.355794095962189
2	129925000	129975000	0.00441573025278941	0.355522971588257
2	221675000	221725000	0.00440576409397431	0.355225706065038
2	104675000	104725000	0.00437249840813903	0.355584881054631
2	195125000	195175000	0.00435035161278374	0.351862560410898
2	221975000	222025000	0.00429612653835582	0.355807917938354
2	18775000	18825000	0.00426298522062935	0.350175014444524
2	144425000	144475000	0.00426070636513315	0.352884576100992
2	164425000	164475000	0.0042528348916181	0.357099644183217
2	52775000	52825000	0.00422692104608913	0.357310457670073
2	174425000	174475000	0.00419829845375108	0.353175071787096
2	154575000	154625000	0.00418805982030007	0.35512375809765
2	83075000	83125000	0.00416267267793491	0.356176440444959
2	196375000	196425000	0.00415161983202278	0.344890302448194
2	67075000	67125000	0.00414421799509473	0.3535390273723
2	115725000	115775000	0.00413416766153729	0.356739259457098
2	164675000	164725000	0.00407750495915815	0.356212919467709
2	77725000	77775000	0.00407088578629577	0.355684574110021
2	56725000	56775000	0.00405335812294527	0.354606615491556
2	142175000	142225000	0.004045009066246	0.35700338368176
2	53475000	53525000	0.00404085291951778	0.355997981963604
2	150625000	150675000	0.0039991054653713	0.350411376835091
2	141325000	141375000	0.00397636868424683	0.356642233700226
2	61575000	61625000	0.0038848012090788	0.353444736347362
2	52475000	52525000	0.0038589235436598	0.356433247284038
2	141425000	141475000	0.0038487926777665	0.356199364737112
2	67175000	67225000	0.00379440744997978	0.353074485327793
2	31075000	31125000	0.00364230829599871	0.3489903049348
2	116175000	116225000	0.00350341163944429	0.356177788090382
2	115425000	115475000	0.00346576752141403	0.35584684016278
2	83325000	83375000	0.00337610694871865	0.355035505680946
2	183175000	183225000	0.00324528356269921	0.349309629528147
2	45375000	45425000	0.00322626615123539	0.347946331747346
2	77975000	78025000	0.00317749652075383	0.355044288335069
2	115025000	115075000	0.00314453803301945	0.352707058317668
2	53125000	53175000	0.00312042331765711	0.356489773407792
2	228975000	229025000	0.0029968026027184	0.349870044421807
2	115525000	115575000	0.00288918093034396	0.355633519874602
2	226325000	226375000	0.00286014938968293	0.347605936476681
2	168825000	168875000	0.00281655071362646	0.349149356832233
2	222225000	222275000	0.00278148203259876	0.352619312311142
2	125875000	125925000	0.00276594061924906	0.355941792571736
2	154825000	154875000	0.00269233751073461	0.354545042995274
2	125775000	125825000	0.0026477223442028	0.355543792201807
2	72625000	72675000	0.00251059042619078	0.345015966954801
2	116475000	116525000	0.00250387304140359	0.355734560249188
2	64375000	64425000	0.00239159272298312	0.343554553957732
2	231275000	231325000	0.00238801562173974	0.345862871192977
2	82975000	83025000	0.00224440574218987	0.354230303109724
2	162625000	162675000	0.00221215679420544	0.34968512637275
2	22925000	22975000	0.00205558715154025	0.353332174298682
2	59675000	59725000	0.00201622670856472	0.351105296665331
2	2275000	2325000	0.00201189472875063	0.35188185416235
2	141875000	141925000	0.0020002112304191	0.355765260772665
2	105225000	105275000	0.00199526331785166	0.354033401595735
2	164325000	164375000	0.001694908413989	0.354467266653824
2	181125000	181175000	0.00166779181108206	0.348584201672629
2	239575000	239625000	0.00116495528993815	0.349044225944835
