1	14
15	37
38	63
64	75
76	116
117	139
140	151
152	178
179	191
192	204
205	217
218	236
237	264
265	293
294	315
316	334
335	352
353	371
372	402
403	411
412	417
418	425
426	462
463	479
480	492
493	503
504	509
510	516
517	522
523	534
535	545
546	551
552	558
559	575
576	583
584	589
590	607
608	619
620	641
642	652
653	657
658	677
678	714
715	740
741	752
753	763
764	775
776	780
781	790
791	801
802	820
821	841
842	852
853	861
862	877
878	892
893	904
905	916
917	924
925	934
935	943
944	953
954	961
962	975
976	1015
1016	1047
1048	1080
1081	1101
1102	1118
1119	1128
1129	1156
1157	1179
1180	1218
1219	1228
1229	1242
1243	1253
1254	1276
1277	1285
1286	1296
1297	1302
1303	1306
1307	1317
1318	1332
1333	1366
1367	1374
1375	1384
1385	1391
1392	1402
1403	1410
1411	1424
1425	1435
1436	1459
1460	1469
1470	1479
1480	1489
1490	1493
1494	1497
1498	1503
1504	1518
1519	1538
1539	1565
1566	1585
1586	1605
1606	1629
1630	1658
1659	1693
1694	1711
1712	1717
1718	1728
1729	1739
1740	1767
1768	1783
1784	1790
1791	1831
1832	1833
1834	1847
1848	1906
1907	1920
1921	1933
1934	1940
1941	1945
1946	1961
1962	1963
1964	1980
1981	1994
1995	2003
2004	2020
2021	2039
2040	2050
2051	2062
2063	2091
2092	2118
2119	2144
2145	2178
2179	2189
2190	2212
2213	2215
2216	2217
2218	2227
2228	2229
2230	2250
2251	2267
2268	2270
2271	2275
2276	2284
2285	2295
2296	2313
2314	2344
2345	2371
2372	2393
2394	2408
2409	2422
2423	2442
2443	2451
2452	2485
2486	2511
2512	2539
2540	2556
2557	2569
2570	2580
2581	2614
2615	2652
2653	2692
2693	2704
2705	2714
2715	2733
2734	2743
2744	2772
2773	2792
2793	2816
2817	2835
2836	2858
2859	2876
2877	2910
2911	2932
2933	2954
2955	2974
2975	2997
2998	3009
3010	3042
3043	3058
3059	3072
3073	3089
3090	3105
3106	3124
3125	3138
3139	3162
3163	3178
3179	3194
3195	3218
3219	3238
3239	3246
3247	3264
3265	3280
3281	3308
3309	3324
3325	3342
3343	3380
3381	3396
3397	3406
3407	3416
3417	3436
3437	3448
3449	3460
3461	3477
3478	3485
3486	3505
3506	3511
3512	3524
3525	3539
3540	3560
3561	3573
3574	3592
3593	3605
3606	3619
3620	3639
3640	3647
3648	3660
3661	3682
3683	3702
3703	3723
3724	3754
3755	3767
3768	3787
3788	3810
3811	3824
3825	3838
3839	3848
3849	3862
3863	3891
3892	3914
3915	3939
3940	3947
3948	3959
3960	3965
3966	3973
3974	3981
3982	4015
4016	4035
4036	4042
4043	4052
4053	4062
4063	4068
4069	4087
4088	4098
4099	4137
4138	4151
4152	4168
4169	4179
4180	4204
4205	4226
4227	4250
4251	4270
4271	4282
4283	4303
4304	4324
4325	4336
4337	4341
4342	4351
4352	4372
4373	4381
4382	4390
4391	4397
4398	4405
4406	4412
4413	4430
4431	4457
4458	4471
4472	4476
4477	4491
4492	4504
4505	4513
4514	4519
4520	4531
4532	4560
4561	4575
4576	4592
4593	4612
4613	4621
4622	4634
4635	4639
4640	4647
4648	4653
4654	4668
4669	4685
4686	4696
4697	4709
4710	4733
4734	4744
4745	4760
4761	4774
4775	4784
4785	4798
4799	4819
4820	4828
4829	4836
4837	4843
4844	4852
4853	4857
4858	4864
