chr	from.id	from.coord	to.id	to.coord	tag	size
chr2	1	0	6	300000	domain	300000
chr2	7	300000	14	700000	domain	400000
chr2	15	700000	31	1550000	domain	850000
chr2	32	1550000	37	1850000	domain	300000
chr2	38	1850000	67	3350000	domain	1500000
chr2	68	3350000	75	3750000	domain	400000
chr2	76	3750000	80	4000000	domain	250000
chr2	81	4000000	88	4400000	domain	400000
chr2	89	4400000	111	5550000	domain	1150000
chr2	112	5550000	139	6950000	domain	1400000
chr2	140	6950000	145	7250000	domain	300000
chr2	146	7250000	157	7850000	domain	600000
chr2	158	7850000	178	8900000	domain	1050000
chr2	179	8900000	185	9250000	domain	350000
chr2	186	9250000	192	9600000	domain	350000
chr2	193	9600000	198	9900000	domain	300000
chr2	199	9900000	205	10250000	domain	350000
chr2	206	10250000	212	10600000	domain	350000
chr2	213	10600000	219	10950000	domain	350000
chr2	220	10950000	225	11250000	domain	300000
chr2	226	11250000	232	11600000	domain	350000
chr2	233	11600000	236	11800000	domain	200000
chr2	237	11800000	239	11950000	boundary	150000
chr2	240	11950000	257	12850000	domain	900000
chr2	258	12850000	264	13200000	domain	350000
chr2	265	13200000	301	15050000	domain	1850000
chr2	302	15050000	315	15750000	domain	700000
chr2	316	15750000	334	16700000	domain	950000
chr2	335	16700000	339	16950000	domain	250000
chr2	340	16950000	351	17550000	domain	600000
chr2	352	17550000	357	17850000	domain	300000
chr2	358	17850000	372	18600000	domain	750000
chr2	373	18600000	402	20100000	domain	1500000
chr2	403	20100000	411	20550000	domain	450000
chr2	412	20550000	417	20850000	domain	300000
chr2	418	20850000	425	21250000	domain	400000
chr2	426	21250000	451	22550000	domain	1300000
chr2	452	22550000	480	24000000	domain	1450000
chr2	481	24000000	492	24600000	domain	600000
chr2	493	24600000	501	25050000	domain	450000
chr2	502	25050000	509	25450000	domain	400000
chr2	510	25450000	516	25800000	domain	350000
chr2	517	25800000	522	26100000	domain	300000
chr2	523	26100000	528	26400000	domain	300000
chr2	529	26400000	534	26700000	domain	300000
chr2	535	26700000	541	27050000	domain	350000
chr2	542	27050000	545	27250000	domain	200000
chr2	546	27250000	552	27600000	domain	350000
chr2	553	27600000	559	27950000	domain	350000
chr2	560	27950000	574	28700000	domain	750000
chr2	575	28700000	581	29050000	domain	350000
chr2	582	29050000	589	29450000	domain	400000
chr2	590	29450000	607	30350000	domain	900000
chr2	608	30350000	619	30950000	domain	600000
chr2	620	30950000	628	31400000	domain	450000
chr2	629	31400000	632	31600000	domain	200000
chr2	633	31600000	638	31900000	domain	300000
chr2	639	31900000	648	32400000	domain	500000
chr2	649	32400000	655	32750000	domain	350000
chr2	656	32750000	677	33850000	domain	1100000
chr2	678	33850000	686	34300000	domain	450000
chr2	687	34300000	713	35650000	domain	1350000
chr2	714	35650000	722	36100000	domain	450000
chr2	723	36100000	731	36550000	domain	450000
chr2	732	36550000	740	37000000	domain	450000
chr2	741	37000000	752	37600000	domain	600000
chr2	753	37600000	762	38100000	domain	500000
chr2	763	38100000	770	38500000	domain	400000
chr2	771	38500000	775	38750000	domain	250000
chr2	776	38750000	781	39050000	domain	300000
chr2	782	39050000	790	39500000	domain	450000
chr2	791	39500000	800	40000000	domain	500000
chr2	801	40000000	809	40450000	domain	450000
chr2	810	40450000	816	40800000	domain	350000
chr2	817	40800000	820	41000000	domain	200000
chr2	821	41000000	832	41600000	domain	600000
chr2	833	41600000	841	42050000	domain	450000
chr2	842	42050000	847	42350000	domain	300000
chr2	848	42350000	852	42600000	domain	250000
chr2	853	42600000	861	43050000	domain	450000
chr2	862	43050000	869	43450000	domain	400000
chr2	870	43450000	876	43800000	domain	350000
chr2	877	43800000	884	44200000	domain	400000
chr2	885	44200000	892	44600000	domain	400000
chr2	893	44600000	904	45200000	domain	600000
chr2	905	45200000	916	45800000	domain	600000
chr2	917	45800000	924	46200000	domain	400000
chr2	925	46200000	934	46700000	domain	500000
chr2	935	46700000	943	47150000	domain	450000
chr2	944	47150000	951	47550000	domain	400000
chr2	952	47550000	961	48050000	domain	500000
chr2	962	48050000	967	48350000	domain	300000
chr2	968	48350000	976	48800000	domain	450000
chr2	977	48800000	983	49150000	domain	350000
chr2	984	49150000	997	49850000	domain	700000
chr2	998	49850000	1007	50350000	domain	500000
chr2	1008	50350000	1015	50750000	domain	400000
chr2	1016	50750000	1039	51950000	domain	1200000
chr2	1040	51950000	1080	54000000	domain	2050000
chr2	1081	54000000	1087	54350000	domain	350000
chr2	1088	54350000	1095	54750000	domain	400000
chr2	1096	54750000	1099	54950000	domain	200000
chr2	1100	54950000	1102	55100000	domain	150000
chr2	1103	55100000	1109	55450000	domain	350000
chr2	1110	55450000	1118	55900000	domain	450000
chr2	1119	55900000	1128	56400000	domain	500000
chr2	1129	56400000	1140	57000000	domain	600000
chr2	1141	57000000	1155	57750000	domain	750000
chr2	1156	57750000	1159	57950000	boundary	200000
chr2	1160	57950000	1175	58750000	domain	800000
chr2	1176	58750000	1190	59500000	domain	750000
chr2	1191	59500000	1207	60350000	domain	850000
chr2	1208	60350000	1218	60900000	domain	550000
chr2	1219	60900000	1226	61300000	domain	400000
chr2	1227	61300000	1235	61750000	domain	450000
chr2	1236	61750000	1243	62150000	domain	400000
chr2	1244	62150000	1253	62650000	domain	500000
chr2	1254	62650000	1260	63000000	domain	350000
chr2	1261	63000000	1276	63800000	domain	800000
chr2	1277	63800000	1285	64250000	domain	450000
chr2	1286	64250000	1291	64550000	domain	300000
chr2	1292	64550000	1296	64800000	domain	250000
chr2	1297	64800000	1302	65100000	domain	300000
chr2	1303	65100000	1305	65250000	boundary	150000
chr2	1306	65250000	1309	65450000	domain	200000
chr2	1310	65450000	1317	65850000	domain	400000
chr2	1318	65850000	1332	66600000	domain	750000
chr2	1333	66600000	1366	68300000	domain	1700000
chr2	1367	68300000	1374	68700000	domain	400000
chr2	1375	68700000	1384	69200000	domain	500000
chr2	1385	69200000	1391	69550000	domain	350000
chr2	1392	69550000	1402	70100000	domain	550000
chr2	1403	70100000	1411	70550000	domain	450000
chr2	1412	70550000	1418	70900000	domain	350000
chr2	1419	70900000	1420	71000000	boundary	100000
chr2	1421	71000000	1425	71250000	domain	250000
chr2	1426	71250000	1435	71750000	domain	500000
chr2	1436	71750000	1448	72400000	domain	650000
chr2	1449	72400000	1460	73000000	domain	600000
chr2	1461	73000000	1470	73500000	domain	500000
chr2	1471	73500000	1478	73900000	domain	400000
chr2	1479	73900000	1489	74450000	domain	550000
chr2	1490	74450000	1493	74650000	boundary	200000
chr2	1494	74650000	1497	74850000	domain	200000
chr2	1498	74850000	1503	75150000	domain	300000
chr2	1504	75150000	1517	75850000	domain	700000
chr2	1518	75850000	1536	76800000	domain	950000
chr2	1537	76800000	1543	77150000	domain	350000
chr2	1544	77150000	1558	77900000	domain	750000
chr2	1559	77900000	1570	78500000	domain	600000
chr2	1571	78500000	1585	79250000	domain	750000
chr2	1586	79250000	1603	80150000	domain	900000
chr2	1604	80150000	1649	82450000	domain	2300000
chr2	1650	82450000	1669	83450000	domain	1000000
chr2	1670	83450000	1681	84050000	domain	600000
chr2	1682	84050000	1692	84600000	domain	550000
chr2	1693	84600000	1703	85150000	domain	550000
chr2	1704	85150000	1711	85550000	domain	400000
chr2	1712	85550000	1717	85850000	domain	300000
chr2	1718	85850000	1721	86050000	domain	200000
chr2	1722	86050000	1728	86400000	domain	350000
chr2	1729	86400000	1732	86600000	domain	200000
chr2	1733	86600000	1739	86950000	domain	350000
chr2	1740	86950000	1743	87150000	domain	200000
chr2	1744	87150000	1745	87250000	gap	100000
chr2	1746	87250000	1751	87550000	domain	300000
chr2	1752	87550000	1754	87700000	gap	150000
chr2	1755	87700000	1760	88000000	domain	300000
chr2	1761	88000000	1762	88100000	gap	100000
chr2	1763	88100000	1777	88850000	domain	750000
chr2	1778	88850000	1780	89000000	domain	150000
chr2	1781	89000000	1791	89550000	domain	550000
chr2	1792	89550000	1796	89800000	gap	250000
chr2	1797	89800000	1810	90500000	domain	700000
chr2	1811	90500000	1833	91650000	gap	1150000
chr2	1834	91650000	1844	92200000	domain	550000
chr2	1845	92200000	1847	92350000	domain	150000
chr2	1848	92350000	1906	95300000	gap	2950000
chr2	1907	95300000	1913	95650000	domain	350000
chr2	1914	95650000	1922	96100000	domain	450000
chr2	1923	96100000	1929	96450000	domain	350000
chr2	1930	96450000	1931	96550000	boundary	100000
chr2	1932	96550000	1941	97050000	domain	500000
chr2	1942	97050000	1944	97200000	domain	150000
chr2	1945	97200000	1950	97500000	domain	300000
chr2	1951	97500000	1956	97800000	domain	300000
chr2	1957	97800000	1958	97900000	domain	100000
chr2	1959	97900000	1960	98000000	gap	100000
chr2	1961	98000000	1962	98100000	domain	100000
chr2	1963	98100000	1968	98400000	domain	300000
chr2	1969	98400000	1980	99000000	domain	600000
chr2	1981	99000000	1984	99200000	domain	200000
chr2	1985	99200000	1994	99700000	domain	500000
chr2	1995	99700000	2003	100150000	domain	450000
chr2	2004	100150000	2017	100850000	domain	700000
chr2	2018	100850000	2020	101000000	boundary	150000
chr2	2021	101000000	2032	101600000	domain	600000
chr2	2033	101600000	2037	101850000	domain	250000
chr2	2038	101850000	2039	101950000	boundary	100000
chr2	2040	101950000	2050	102500000	domain	550000
chr2	2051	102500000	2057	102850000	domain	350000
chr2	2058	102850000	2062	103100000	domain	250000
chr2	2063	103100000	2069	103450000	domain	350000
chr2	2070	103450000	2075	103750000	domain	300000
chr2	2076	103750000	2092	104600000	domain	850000
chr2	2093	104600000	2101	105050000	domain	450000
chr2	2102	105050000	2110	105500000	domain	450000
chr2	2111	105500000	2118	105900000	domain	400000
chr2	2119	105900000	2123	106150000	domain	250000
chr2	2124	106150000	2134	106700000	domain	550000
chr2	2135	106700000	2144	107200000	domain	500000
chr2	2145	107200000	2169	108450000	domain	1250000
chr2	2170	108450000	2177	108850000	domain	400000
chr2	2178	108850000	2189	109450000	domain	600000
chr2	2190	109450000	2203	110150000	domain	700000
chr2	2204	110150000	2205	110250000	gap	100000
chr2	2206	110250000	2210	110500000	domain	250000
chr2	2211	110500000	2227	111350000	gap	850000
chr2	2228	111350000	2238	111900000	domain	550000
chr2	2239	111900000	2244	112200000	domain	300000
chr2	2245	112200000	2250	112500000	domain	300000
chr2	2251	112500000	2257	112850000	domain	350000
chr2	2258	112850000	2267	113350000	domain	500000
chr2	2268	113350000	2275	113750000	domain	400000
chr2	2276	113750000	2285	114250000	domain	500000
chr2	2286	114250000	2295	114750000	domain	500000
chr2	2296	114750000	2307	115350000	domain	600000
chr2	2308	115350000	2318	115900000	domain	550000
chr2	2319	115900000	2326	116300000	domain	400000
chr2	2327	116300000	2333	116650000	domain	350000
chr2	2334	116650000	2345	117250000	domain	600000
chr2	2346	117250000	2371	118550000	domain	1300000
chr2	2372	118550000	2376	118800000	domain	250000
chr2	2377	118800000	2392	119600000	domain	800000
chr2	2393	119600000	2399	119950000	domain	350000
chr2	2400	119950000	2409	120450000	domain	500000
chr2	2410	120450000	2419	120950000	domain	500000
chr2	2420	120950000	2422	121100000	domain	150000
chr2	2423	121100000	2429	121450000	domain	350000
chr2	2430	121450000	2437	121850000	domain	400000
chr2	2438	121850000	2443	122150000	domain	300000
chr2	2444	122150000	2450	122500000	domain	350000
chr2	2451	122500000	2464	123200000	domain	700000
chr2	2465	123200000	2496	124800000	domain	1600000
chr2	2497	124800000	2530	126500000	domain	1700000
chr2	2531	126500000	2556	127800000	domain	1300000
chr2	2557	127800000	2566	128300000	domain	500000
chr2	2567	128300000	2569	128450000	domain	150000
chr2	2570	128450000	2572	128600000	boundary	150000
chr2	2573	128600000	2579	128950000	domain	350000
chr2	2580	128950000	2590	129500000	domain	550000
chr2	2591	129500000	2624	131200000	domain	1700000
chr2	2625	131200000	2626	131300000	gap	100000
chr2	2627	131300000	2637	131850000	domain	550000
chr2	2638	131850000	2644	132200000	domain	350000
chr2	2645	132200000	2652	132600000	domain	400000
chr2	2653	132600000	2692	134600000	domain	2000000
chr2	2693	134600000	2697	134850000	domain	250000
chr2	2698	134850000	2704	135200000	domain	350000
chr2	2705	135200000	2714	135700000	domain	500000
chr2	2715	135700000	2724	136200000	domain	500000
chr2	2725	136200000	2732	136600000	domain	400000
chr2	2733	136600000	2743	137150000	domain	550000
chr2	2744	137150000	2772	138600000	domain	1450000
chr2	2773	138600000	2783	139150000	domain	550000
chr2	2784	139150000	2792	139600000	domain	450000
chr2	2793	139600000	2810	140500000	domain	900000
chr2	2811	140500000	2833	141650000	domain	1150000
chr2	2834	141650000	2847	142350000	domain	700000
chr2	2848	142350000	2858	142900000	domain	550000
chr2	2859	142900000	2868	143400000	domain	500000
chr2	2869	143400000	2875	143750000	domain	350000
chr2	2876	143750000	2881	144050000	domain	300000
chr2	2882	144050000	2886	144300000	domain	250000
chr2	2887	144300000	2904	145200000	domain	900000
chr2	2905	145200000	2949	147450000	domain	2250000
chr2	2950	147450000	2956	147800000	domain	350000
chr2	2957	147800000	2974	148700000	domain	900000
chr2	2975	148700000	2985	149250000	domain	550000
chr2	2986	149250000	2997	149850000	domain	600000
chr2	2998	149850000	3009	150450000	domain	600000
chr2	3010	150450000	3042	152100000	domain	1650000
chr2	3043	152100000	3047	152350000	domain	250000
chr2	3048	152350000	3058	152900000	domain	550000
chr2	3059	152900000	3072	153600000	domain	700000
chr2	3073	153600000	3088	154400000	domain	800000
chr2	3089	154400000	3105	155250000	domain	850000
chr2	3106	155250000	3124	156200000	domain	950000
chr2	3125	156200000	3149	157450000	domain	1250000
chr2	3150	157450000	3162	158100000	domain	650000
chr2	3163	158100000	3172	158600000	domain	500000
chr2	3173	158600000	3178	158900000	domain	300000
chr2	3179	158900000	3194	159700000	domain	800000
chr2	3195	159700000	3201	160050000	domain	350000
chr2	3202	160050000	3217	160850000	domain	800000
chr2	3218	160850000	3237	161850000	domain	1000000
chr2	3238	161850000	3242	162100000	domain	250000
chr2	3243	162100000	3249	162450000	domain	350000
chr2	3250	162450000	3256	162800000	domain	350000
chr2	3257	162800000	3260	163000000	domain	200000
chr2	3261	163000000	3274	163700000	domain	700000
chr2	3275	163700000	3280	164000000	domain	300000
chr2	3281	164000000	3299	164950000	domain	950000
chr2	3300	164950000	3309	165450000	domain	500000
chr2	3310	165450000	3317	165850000	domain	400000
chr2	3318	165850000	3324	166200000	domain	350000
chr2	3325	166200000	3336	166800000	domain	600000
chr2	3337	166800000	3340	167000000	domain	200000
chr2	3341	167000000	3348	167400000	domain	400000
chr2	3349	167400000	3362	168100000	domain	700000
chr2	3363	168100000	3380	169000000	domain	900000
chr2	3381	169000000	3384	169200000	domain	200000
chr2	3385	169200000	3392	169600000	domain	400000
chr2	3393	169600000	3396	169800000	domain	200000
chr2	3397	169800000	3406	170300000	domain	500000
chr2	3407	170300000	3416	170800000	domain	500000
chr2	3417	170800000	3422	171100000	domain	300000
chr2	3423	171100000	3435	171750000	domain	650000
chr2	3436	171750000	3448	172400000	domain	650000
chr2	3449	172400000	3460	173000000	domain	600000
chr2	3461	173000000	3467	173350000	domain	350000
chr2	3468	173350000	3472	173600000	domain	250000
chr2	3473	173600000	3485	174250000	domain	650000
chr2	3486	174250000	3499	174950000	domain	700000
chr2	3500	174950000	3505	175250000	domain	300000
chr2	3506	175250000	3512	175600000	domain	350000
chr2	3513	175600000	3518	175900000	domain	300000
chr2	3519	175900000	3524	176200000	domain	300000
chr2	3525	176200000	3540	177000000	domain	800000
chr2	3541	177000000	3551	177550000	domain	550000
chr2	3552	177550000	3560	178000000	domain	450000
chr2	3561	178000000	3573	178650000	domain	650000
chr2	3574	178650000	3579	178950000	domain	300000
chr2	3580	178950000	3587	179350000	domain	400000
chr2	3588	179350000	3606	180300000	domain	950000
chr2	3607	180300000	3613	180650000	domain	350000
chr2	3614	180650000	3620	181000000	domain	350000
chr2	3621	181000000	3639	181950000	domain	950000
chr2	3640	181950000	3648	182400000	domain	450000
chr2	3649	182400000	3660	183000000	domain	600000
chr2	3661	183000000	3671	183550000	domain	550000
chr2	3672	183550000	3678	183900000	domain	350000
chr2	3679	183900000	3682	184100000	domain	200000
chr2	3683	184100000	3699	184950000	domain	850000
chr2	3700	184950000	3709	185450000	domain	500000
chr2	3710	185450000	3717	185850000	domain	400000
chr2	3718	185850000	3721	186050000	domain	200000
chr2	3722	186050000	3733	186650000	domain	600000
chr2	3734	186650000	3747	187350000	domain	700000
chr2	3748	187350000	3754	187700000	domain	350000
chr2	3755	187700000	3767	188350000	domain	650000
chr2	3768	188350000	3774	188700000	domain	350000
chr2	3775	188700000	3788	189400000	domain	700000
chr2	3789	189400000	3799	189950000	domain	550000
chr2	3800	189950000	3806	190300000	domain	350000
chr2	3807	190300000	3819	190950000	domain	650000
chr2	3820	190950000	3824	191200000	domain	250000
chr2	3825	191200000	3833	191650000	domain	450000
chr2	3834	191650000	3838	191900000	domain	250000
chr2	3839	191900000	3840	192000000	boundary	100000
chr2	3841	192000000	3848	192400000	domain	400000
chr2	3849	192400000	3854	192700000	domain	300000
chr2	3855	192700000	3861	193050000	domain	350000
chr2	3862	193050000	3878	193900000	domain	850000
chr2	3879	193900000	3890	194500000	domain	600000
chr2	3891	194500000	3897	194850000	domain	350000
chr2	3898	194850000	3914	195700000	domain	850000
chr2	3915	195700000	3923	196150000	domain	450000
chr2	3924	196150000	3931	196550000	domain	400000
chr2	3932	196550000	3939	196950000	domain	400000
chr2	3940	196950000	3945	197250000	domain	300000
chr2	3946	197250000	3953	197650000	domain	400000
chr2	3954	197650000	3958	197900000	domain	250000
chr2	3959	197900000	3965	198250000	domain	350000
chr2	3966	198250000	3973	198650000	domain	400000
chr2	3974	198650000	3983	199150000	domain	500000
chr2	3984	199150000	4007	200350000	domain	1200000
chr2	4008	200350000	4017	200850000	domain	500000
chr2	4018	200850000	4027	201350000	domain	500000
chr2	4028	201350000	4034	201700000	domain	350000
chr2	4035	201700000	4042	202100000	domain	400000
chr2	4043	202100000	4053	202650000	domain	550000
chr2	4054	202650000	4062	203100000	domain	450000
chr2	4063	203100000	4068	203400000	domain	300000
chr2	4069	203400000	4075	203750000	domain	350000
chr2	4076	203750000	4081	204050000	domain	300000
chr2	4082	204050000	4087	204350000	domain	300000
chr2	4088	204350000	4098	204900000	domain	550000
chr2	4099	204900000	4113	205650000	domain	750000
chr2	4114	205650000	4136	206800000	domain	1150000
chr2	4137	206800000	4143	207150000	domain	350000
chr2	4144	207150000	4151	207550000	domain	400000
chr2	4152	207550000	4167	208350000	domain	800000
chr2	4168	208350000	4179	208950000	domain	600000
chr2	4180	208950000	4185	209250000	domain	300000
chr2	4186	209250000	4203	210150000	domain	900000
chr2	4204	210150000	4216	210800000	domain	650000
chr2	4217	210800000	4222	211100000	domain	300000
chr2	4223	211100000	4239	211950000	domain	850000
chr2	4240	211950000	4252	212600000	domain	650000
chr2	4253	212600000	4269	213450000	domain	850000
chr2	4270	213450000	4282	214100000	domain	650000
chr2	4283	214100000	4293	214650000	domain	550000
chr2	4294	214650000	4309	215450000	domain	800000
chr2	4310	215450000	4316	215800000	domain	350000
chr2	4317	215800000	4336	216800000	domain	1000000
chr2	4337	216800000	4347	217350000	domain	550000
chr2	4348	217350000	4351	217550000	domain	200000
chr2	4352	217550000	4372	218600000	domain	1050000
chr2	4373	218600000	4380	219000000	domain	400000
chr2	4381	219000000	4391	219550000	domain	550000
chr2	4392	219550000	4394	219700000	domain	150000
chr2	4395	219700000	4405	220250000	domain	550000
chr2	4406	220250000	4412	220600000	domain	350000
chr2	4413	220600000	4449	222450000	domain	1850000
chr2	4450	222450000	4457	222850000	domain	400000
chr2	4458	222850000	4470	223500000	domain	650000
chr2	4471	223500000	4476	223800000	domain	300000
chr2	4477	223800000	4492	224600000	domain	800000
chr2	4493	224600000	4497	224850000	domain	250000
chr2	4498	224850000	4504	225200000	domain	350000
chr2	4505	225200000	4511	225550000	domain	350000
chr2	4512	225550000	4519	225950000	domain	400000
chr2	4520	225950000	4531	226550000	domain	600000
chr2	4532	226550000	4535	226750000	domain	200000
chr2	4536	226750000	4554	227700000	domain	950000
chr2	4555	227700000	4560	228000000	domain	300000
chr2	4561	228000000	4575	228750000	domain	750000
chr2	4576	228750000	4585	229250000	domain	500000
chr2	4586	229250000	4591	229550000	domain	300000
chr2	4592	229550000	4612	230600000	domain	1050000
chr2	4613	230600000	4630	231500000	domain	900000
chr2	4631	231500000	4633	231650000	domain	150000
chr2	4634	231650000	4639	231950000	domain	300000
chr2	4640	231950000	4647	232350000	domain	400000
chr2	4648	232350000	4654	232700000	domain	350000
chr2	4655	232700000	4668	233400000	domain	700000
chr2	4669	233400000	4674	233700000	domain	300000
chr2	4675	233700000	4684	234200000	domain	500000
chr2	4685	234200000	4687	234350000	boundary	150000
chr2	4688	234350000	4697	234850000	domain	500000
chr2	4698	234850000	4709	235450000	domain	600000
chr2	4710	235450000	4720	236000000	domain	550000
chr2	4721	236000000	4734	236700000	domain	700000
chr2	4735	236700000	4744	237200000	domain	500000
chr2	4745	237200000	4760	238000000	domain	800000
chr2	4761	238000000	4768	238400000	domain	400000
chr2	4769	238400000	4774	238700000	domain	300000
chr2	4775	238700000	4784	239200000	domain	500000
chr2	4785	239200000	4799	239950000	domain	750000
chr2	4800	239950000	4807	240350000	domain	400000
chr2	4808	240350000	4819	240950000	domain	600000
chr2	4820	240950000	4828	241400000	domain	450000
chr2	4829	241400000	4835	241750000	domain	350000
chr2	4836	241750000	4843	242150000	domain	400000
chr2	4844	242150000	4846	242300000	domain	150000
chr2	4847	242300000	4851	242550000	domain	250000
chr2	4852	242550000	4858	242900000	domain	350000
chr2	4859	242900000	4862	243100000	domain	200000
chr2	4863	243100000	4864	243200000	gap	100000
