2	148675000	148725000	0.0717732032733724	0.404128875224836
2	137125000	137175000	0.0709687467007329	0.404075998237975
2	70525000	70575000	0.0694972238016144	0.402996658109971
2	89125000	89175000	0.0686262038164441	0.400268402971535
2	20825000	20875000	0.0655401596174722	0.390575184983124
2	112475000	112525000	0.0652670583815373	0.397950783687426
2	62625000	62675000	0.0629561527686669	0.397860409316414
2	196925000	196975000	0.0619629353025852	0.392914609076702
2	156175000	156225000	0.0608534560001405	0.391952256038436
2	68675000	68725000	0.0608260412200816	0.393708058735557
2	157425000	157475000	0.0606997519082211	0.388854635989996
2	85525000	85575000	0.0600659860410143	0.387130387415575
2	98375000	98425000	0.0599205071182493	0.371459351172413
2	43025000	43075000	0.0587407064066758	0.391351351441541
2	181925000	181975000	0.0579683516677777	0.393515870214003
2	114725000	114775000	0.0579523939209158	0.392500105806277
2	192375000	192425000	0.0578772893623061	0.386845846015966
2	171725000	171775000	0.0575844770687731	0.395982592600525
2	198225000	198275000	0.0573086160503594	0.383675871867152
2	177975000	178025000	0.0570602305770315	0.392312519013871
2	153575000	153625000	0.0569572637151685	0.39720245746674
2	55925000	55975000	0.056627450379669	0.390638938195834
2	60875000	60925000	0.0562029062565101	0.386173652844741
2	224825000	224875000	0.0561754736647179	0.383911994426621
2	98975000	99025000	0.0556132274097589	0.384070181168867
2	30325000	30375000	0.0552692817009377	0.387894764479611
2	122475000	122525000	0.055076906126399	0.383410855280075
2	214075000	214125000	0.054380594427677	0.389092549633169
2	30925000	30975000	0.0542278680655981	0.390325374546016
2	208325000	208375000	0.0541512217809588	0.388294762588557
2	46175000	46225000	0.0539519526117863	0.387653671710597
2	230575000	230625000	0.0539469936096796	0.393929030605763
2	33825000	33875000	0.053345466502917	0.388838199463881
2	130825000	130875000	0.053318712893546	0.390813553894123
2	190275000	190325000	0.0528613959206277	0.385628665925498
2	198625000	198675000	0.052051231782858	0.379272237136714
2	65075000	65125000	0.0518190226445288	0.381914819167997
2	158125000	158175000	0.0517242515145351	0.383065024080106
2	135175000	135225000	0.051493794739069	0.389063014882501
2	6925000	6975000	0.0513680080465124	0.383574440033744
2	85825000	85875000	0.0512304275034607	0.377362006199284
2	86925000	86975000	0.0510057367157277	0.377924230660519
2	131425000	131475000	0.050859631017768	0.380533143188507
2	20075000	20125000	0.0508033376292358	0.38598445720595
2	42025000	42075000	0.0502973245366434	0.385029604592385
2	122075000	122125000	0.0501078441841187	0.37801844326469
2	69525000	69575000	0.0500799932763685	0.385729911970403
2	216775000	216825000	0.0500077250882501	0.391458874442127
2	11925000	11975000	0.0496546092803824	0.383500643308056
2	47975000	48025000	0.049637881240041	0.384373658123921
2	43825000	43875000	0.0494306221687362	0.382516007833029
2	223775000	223825000	0.0487536422073527	0.378455144994344
2	20525000	20575000	0.0485433147816918	0.376095300185784
2	160825000	160875000	0.048466310455421	0.385858262814654
2	223475000	223525000	0.0483322840930121	0.379969435247395
2	100125000	100175000	0.0482717657857668	0.389638636861639
2	169175000	169225000	0.0481674843258629	0.38394470991665
2	114175000	114225000	0.0481151938796725	0.379345743822926
2	112175000	112225000	0.0481034672348873	0.379122920335393
2	235425000	235475000	0.0480957255901501	0.382931771906918
2	3725000	3775000	0.0472560614744384	0.384625292082331
2	172975000	173025000	0.0470280503875821	0.384674975195042
2	64525000	64575000	0.0469870552920559	0.378514222923721
2	201725000	201775000	0.0469207218545439	0.378935991672941
2	9525000	9575000	0.0468189578008677	0.380600445486293
2	10925000	10975000	0.0463783335173628	0.379198395203239
2	101575000	101625000	0.0463095071773621	0.380849313148044
2	190475000	190525000	0.0462769096681522	0.379503914931656
2	222425000	222475000	0.0462544849971899	0.387071299067838
2	29425000	29475000	0.0461715561792305	0.375412145038139
2	62125000	62175000	0.046016892765478	0.380898745046984
2	42275000	42325000	0.0458259425638832	0.375501047616919
2	60775000	60825000	0.045551356964124	0.37755995153236
2	138575000	138625000	0.0454750569874429	0.385386258286666
2	113325000	113375000	0.045433763295245	0.374394352704922
2	61225000	61275000	0.0453817377134338	0.375983600850189
2	71725000	71775000	0.0452080694650473	0.379386926755363
2	232675000	232725000	0.04513003083637	0.379639472914154
2	172375000	172425000	0.0450794703307658	0.382333346610811
2	96625000	96675000	0.0450398474346408	0.37957568826061
2	204325000	204375000	0.0450340746401018	0.37965331300656
2	232275000	232325000	0.0449626789204066	0.37642289923822
2	74825000	74875000	0.0448914478530745	0.376698467827343
2	237975000	238025000	0.0448876155952124	0.383007640018752
2	38475000	38525000	0.0448250441712126	0.375502224302332
2	143725000	143775000	0.0447109484306941	0.37825224751855
2	202075000	202125000	0.0446465747581827	0.376278082490527
2	149825000	149875000	0.0445190909696326	0.38240993212988
2	135675000	135725000	0.0445128870346282	0.384564226852287
2	15725000	15775000	0.0442884425294562	0.386641957292875
2	65775000	65825000	0.0440910412353123	0.381598201998524
2	11225000	11275000	0.0440210725720723	0.376822312098204
2	231925000	231975000	0.0438188368058102	0.372520401199433
2	231675000	231725000	0.043514147664199	0.373603959876273
2	225125000	225175000	0.0434737775214168	0.370648874847581
2	96525000	96575000	0.0433491815018345	0.376107098792602
2	64725000	64775000	0.043283971128824	0.374143312536688
2	96425000	96475000	0.0432634439086626	0.374243437664229
2	45175000	45225000	0.0432559363063369	0.381776627753312
2	42575000	42625000	0.0432275176015948	0.374841966487227
2	213425000	213475000	0.0432169473056601	0.381228061568439
2	48675000	48725000	0.0432008642762043	0.378997143066255
2	114275000	114325000	0.0430327759137888	0.373931359013203
2	45825000	45875000	0.0428754688602482	0.377171405288175
2	173825000	173875000	0.0428669951034468	0.374045170883301
2	7525000	7575000	0.0426488907579805	0.380055874300401
2	159675000	159725000	0.0424449446213457	0.374306509154841
2	193025000	193075000	0.0424180005575185	0.374337445082371
2	105925000	105975000	0.0423429353436598	0.375764755224791
2	54925000	54975000	0.0419977428555855	0.37352424178366
2	65275000	65325000	0.0419129372062668	0.371881108848943
2	86375000	86425000	0.041807003146614	0.371497040298399
2	64225000	64275000	0.0418055124303325	0.374024730734896
2	38725000	38775000	0.0416582032267387	0.370741307376492
2	241375000	241425000	0.0413593989986086	0.373073662129692
2	225625000	225675000	0.0413566667045782	0.371931308054028
2	121075000	121125000	0.0413265647975347	0.381103605226934
2	16925000	16975000	0.041245746054893	0.37165342435281
2	172275000	172325000	0.0412043049217521	0.378392673113895
2	198975000	199025000	0.0407840960732658	0.373657334569795
2	150425000	150475000	0.0407415751922051	0.381173592454184
2	224525000	224575000	0.0407172729575908	0.369015217155233
2	99225000	99275000	0.040705545338596	0.373308326715438
2	208925000	208975000	0.0406524410013068	0.376684643360141
2	147775000	147825000	0.0406056672396478	0.37640032860942
2	47125000	47175000	0.0405894668797865	0.37327255910276
2	211025000	211075000	0.0405203264688968	0.371298694053022
2	47525000	47575000	0.0403338008274835	0.372115366887404
2	97775000	97825000	0.0403328194929261	0.366199928617756
2	227875000	227925000	0.040248603629085	0.371110495784709
2	220225000	220275000	0.0401266921046213	0.377618920271091
2	106675000	106725000	0.0400948335331452	0.375714819620285
2	191875000	191925000	0.0400371465133744	0.383135214721124
2	73425000	73475000	0.0400165870169024	0.372157697128051
2	8825000	8875000	0.0398809128761134	0.377725956175933
2	187325000	187375000	0.0398401743919157	0.378219267646911
2	38075000	38125000	0.0398279581370481	0.373055659838355
2	210775000	210825000	0.0397681525294637	0.371325900115565
2	188325000	188375000	0.0397558329184554	0.381670593918364
2	103075000	103125000	0.0397358816680523	0.378660422710503
2	157175000	157225000	0.0396550909825311	0.367798201557542
2	178625000	178675000	0.0396234012252237	0.377460652503484
2	152075000	152125000	0.0392479866651204	0.378444991158969
2	65425000	65475000	0.0392357088455403	0.369108161827622
2	170275000	170325000	0.0391691159466424	0.378933549646083
2	47625000	47675000	0.0387786313910203	0.371604788306885
2	196525000	196575000	0.0387408710943933	0.375095185932945
2	225925000	225975000	0.0386858356604049	0.373901353273538
2	38975000	39025000	0.0385306377286868	0.367869043049847
2	175225000	175275000	0.0384439305993987	0.37539312223984
2	23925000	23975000	0.0384275866640831	0.379746799389659
2	25375000	25425000	0.0381430896205089	0.370873352456773
2	175575000	175625000	0.037950135256529	0.373405964949391
2	203425000	203475000	0.0379402036293418	0.371437913196433
2	54675000	54725000	0.0379234191055564	0.370154730405645
2	24625000	24675000	0.0378799177907557	0.375043518263896
2	11575000	11625000	0.0378788660581416	0.370984760260189
2	231025000	231075000	0.0378356378518372	0.376727483105089
2	203025000	203075000	0.0378142787643369	0.372131923194875
2	190925000	190975000	0.0377744034129014	0.373051038869294
2	113125000	113175000	0.0377124062484836	0.362158440679808
2	86025000	86075000	0.0376388526761879	0.366379741285962
2	220575000	220625000	0.03762520858633	0.379145837825989
2	228725000	228775000	0.0375709750147304	0.378766731180172
2	39475000	39525000	0.0375609311859483	0.372840539942124
2	152425000	152475000	0.0372791160637934	0.374815960268393
2	219025000	219075000	0.0371311660332522	0.373631489502307
2	176925000	176975000	0.0370328793220006	0.372917618241128
2	21225000	21275000	0.036987964127901	0.369780093707659
2	29125000	29175000	0.0369222490022985	0.367137975437525
2	182575000	182625000	0.0368707393089647	0.37235892645338
2	217525000	217575000	0.0368306066275904	0.375050255164428
2	161875000	161925000	0.0368229969311712	0.379936159715122
2	209225000	209275000	0.0368213743763184	0.378504358506596
2	13175000	13225000	0.0367798169187795	0.379023816846831
2	68225000	68275000	0.036706464461033	0.37513928988595
2	7225000	7275000	0.0366988051147412	0.369416272566813
2	158325000	158375000	0.0366785970575618	0.368479025172953
2	233875000	233925000	0.036621713596424	0.372751031521851
2	152325000	152375000	0.036610949446091	0.37375212128951
2	228175000	228225000	0.0365510075280575	0.371524911352416
2	112775000	112825000	0.0365325951671955	0.367706874170988
2	85225000	85275000	0.0365024144539087	0.369346426056871
2	37625000	37675000	0.0364609520245324	0.37276900437869
2	242825000	242875000	0.0363488462875039	0.38164834792168
2	223125000	223175000	0.0363224745344258	0.371019513327564
2	25775000	25825000	0.0361905852115501	0.367379424879864
2	113725000	113775000	0.0361787112180432	0.369870114447004
2	55425000	55475000	0.0359094065194714	0.370067240370732
2	197925000	197975000	0.0359047657877203	0.370303727746069
2	9925000	9975000	0.0358615232071147	0.369229652788847
2	70125000	70175000	0.0358434410414313	0.369376267717998
2	182975000	183025000	0.0358301368618336	0.372601501451978
2	27875000	27925000	0.0358202312195711	0.376450392045904
2	74325000	74375000	0.0357596586771767	0.367219290005261
2	75825000	75875000	0.0357319604048709	0.378292078197266
2	57925000	57975000	0.0356373268708899	0.37661593586467
2	183525000	183575000	0.0354654659493528	0.374001199527375
2	206825000	206875000	0.0354239592654338	0.375291557365301
2	69175000	69225000	0.035286453175617	0.371415672692588
2	201325000	201375000	0.0352149090484022	0.372893366050903
2	136625000	136675000	0.0352012135842864	0.373251969529751
2	174225000	174275000	0.0350895601448012	0.367391989058495
2	169775000	169825000	0.0350370247133292	0.377789347592605
2	175875000	175925000	0.0349994537553346	0.369175258921699
2	192675000	192725000	0.0348811821163895	0.363124487434508
2	182325000	182375000	0.0348068871063274	0.369493088347161
2	118525000	118575000	0.0347572534431247	0.379319204194154
2	200825000	200875000	0.034714334585237	0.377928138550789
2	10225000	10275000	0.0346907392446392	0.367748850248602
2	134575000	134625000	0.0346413437911605	0.373336256067108
2	10575000	10625000	0.0346400958032418	0.367482116675487
2	98625000	98675000	0.034633661015992	0.353221717447216
2	108925000	108975000	0.0345621038038679	0.368180212812735
2	32025000	32075000	0.0344729641706886	0.372120932233615
2	153025000	153075000	0.0344592103495102	0.373318194933158
2	43425000	43475000	0.0343751698541096	0.365745967466444
2	107175000	107225000	0.0339208607964536	0.37800003554756
2	74425000	74475000	0.0338465726038259	0.365375681661147
2	9225000	9275000	0.0338442516157569	0.367935757878951
2	74625000	74675000	0.0337912353889465	0.365459299904741
2	102475000	102525000	0.0337638966384465	0.371474008228088
2	88975000	89025000	0.0337414905944572	0.368928776663766
2	16675000	16725000	0.0336972000028198	0.367175185151428
2	159275000	159325000	0.0336074838011239	0.365450933840366
2	86625000	86675000	0.0335157541916182	0.361945998976588
2	237175000	237225000	0.0335152289277245	0.368952772274428
2	71225000	71275000	0.0332886379045948	0.373675156734781
2	101925000	101975000	0.0332797836211319	0.371231318379536
2	48325000	48375000	0.0331130115048073	0.367429810986321
2	176175000	176225000	0.033078481884681	0.367277214018339
2	96275000	96325000	0.0330085528331189	0.361321661285883
2	73925000	73975000	0.0329842078606484	0.36460152105385
2	222825000	222875000	0.0329828708353122	0.370302670461669
2	106325000	106375000	0.0329608681761669	0.36532613594855
2	46675000	46725000	0.0328890197507652	0.368023644136992
2	113475000	113525000	0.0327075670800962	0.365054072723537
2	158875000	158925000	0.0327058139752929	0.364531149520282
2	44225000	44275000	0.0326705370502861	0.369243172051229
2	144025000	144075000	0.032656665565488	0.366268346467264
2	208575000	208625000	0.0326335295680247	0.365602991440377
2	111825000	111875000	0.0326086161141724	0.364555285801734
2	79225000	79275000	0.0326014471861307	0.376856754485974
2	149225000	149275000	0.032589010973991	0.367874644002316
2	152825000	152875000	0.0324179141911877	0.371086636217066
2	196175000	196225000	0.0321399134618771	0.370902230694302
2	108775000	108825000	0.0320453674658468	0.367864999685966
2	189925000	189975000	0.0319610864085517	0.366418978258692
2	136475000	136525000	0.0318984154264019	0.372297945886622
2	28725000	28775000	0.0318448792660744	0.367270582301494
2	74025000	74075000	0.0317591738209344	0.363271727630547
2	11775000	11825000	0.0316345131910896	0.365163344436352
2	177475000	177525000	0.0316147716781121	0.367133288613301
2	197125000	197175000	0.0316035013849997	0.363480766998857
2	56375000	56425000	0.0314471282367206	0.371404642563469
2	108425000	108475000	0.0314290755387056	0.371660748157565
2	102825000	102875000	0.0313998383456092	0.36571291355213
2	173575000	173625000	0.0313551649291852	0.365071711941121
2	159975000	160025000	0.0313089814842593	0.364007125237613
2	64125000	64175000	0.031303066093273	0.363649738401201
2	131825000	131875000	0.0312900689420677	0.363399479543094
2	97175000	97225000	0.0312567869852109	0.367021373533153
2	63775000	63825000	0.0310699307734906	0.366986664123457
2	184075000	184125000	0.0310694630190143	0.374419871745303
2	132275000	132325000	0.0310280668795288	0.369074585163819
2	180925000	180975000	0.0309987489459573	0.3717679458812
2	162775000	162825000	0.0309940169431212	0.368952494030796
2	25025000	25075000	0.0309472918349377	0.36588348572305
2	179975000	180025000	0.0309326893940513	0.364683405911534
2	131075000	131125000	0.0305865523031779	0.362384720926839
2	26075000	26125000	0.0305614103870447	0.361818733793525
2	173325000	173375000	0.0304990624363238	0.36675398068034
2	27525000	27575000	0.030497137875893	0.365886587089568
2	241075000	241125000	0.0303951638169498	0.363623112468314
2	227625000	227675000	0.0303812501740192	0.364073157155034
2	148075000	148125000	0.0302993818860605	0.364119772599057
2	49125000	49175000	0.0302114925934339	0.369740613751405
2	26375000	26425000	0.0301687652529444	0.363057040928301
2	120425000	120475000	0.029950344832245	0.372469499520613
2	18025000	18075000	0.0297907754048173	0.370181397741986
2	202675000	202725000	0.0295922546792253	0.363700645715503
2	75125000	75175000	0.0295235859694308	0.363958279881502
2	218575000	218625000	0.0294681828303281	0.368168835492418
2	156725000	156775000	0.0294434361585268	0.358916606992016
2	132525000	132575000	0.0293727928935769	0.372617598820844
2	127525000	127575000	0.0293697587904775	0.369010276836377
2	121825000	121875000	0.0293397475051738	0.360216956922952
2	29025000	29075000	0.0293379358490796	0.360579853326269
2	169575000	169625000	0.029324719724132	0.365825840844348
2	85075000	85125000	0.0292583584323236	0.364992175149487
2	31575000	31625000	0.0292431862770978	0.368278144140244
2	199175000	199225000	0.0291931384645682	0.369033521459953
2	30025000	30075000	0.0291919540306916	0.36068913883611
2	111525000	111575000	0.0291791015631375	0.365199234031989
2	162275000	162325000	0.0291462030750615	0.370666906962475
2	88825000	88875000	0.0291262936871447	0.364678766339911
2	197325000	197375000	0.0290972610434885	0.365527030869045
2	36975000	37025000	0.0289008478908056	0.370267891304208
2	231475000	231525000	0.0288512274488557	0.36411315587887
2	98775000	98825000	0.02879461293446	0.35161219679192
2	44075000	44125000	0.0286019614922866	0.363866877991986
2	10825000	10875000	0.0285464097833009	0.361372745522425
2	165825000	165875000	0.0285436642548774	0.367939301123807
2	109475000	109525000	0.0285036063443225	0.365481277457747
2	40025000	40075000	0.0284776056105173	0.369300671095659
2	62975000	63025000	0.0283017109595908	0.365709825036981
2	216125000	216175000	0.0282673356575384	0.367966192433783
2	155225000	155275000	0.0282310194525844	0.370293214588912
2	33575000	33625000	0.0281491205339037	0.362454398655673
2	106125000	106175000	0.0281443833735462	0.361037927200303
2	44675000	44725000	0.0280568553710334	0.366882863378207
2	84675000	84725000	0.0279810858467224	0.369319223314387
2	166225000	166275000	0.0279276653023182	0.367944452613736
2	61375000	61425000	0.0277298724243149	0.363038548069605
2	170775000	170825000	0.0276987892380325	0.367912712940236
2	84575000	84625000	0.0276219321561988	0.369485388886197
2	100825000	100875000	0.0276075717519917	0.367810658994326
2	132175000	132225000	0.027542451907707	0.364104693271181
2	134825000	134875000	0.0275249981275021	0.365180839273014
2	39125000	39175000	0.0275153750535488	0.358671400515049
2	191225000	191275000	0.0275113193173793	0.365508009383651
2	234125000	234175000	0.0274589360015314	0.365851018469239
2	97025000	97075000	0.0273491899492636	0.363019097427873
2	213825000	213875000	0.0273133733262233	0.361232397793836
2	73075000	73125000	0.0272737706493003	0.367978530643238
2	163175000	163225000	0.0272654470312791	0.369483955747917
2	204725000	204775000	0.027259516452762	0.364580714722266
2	17825000	17875000	0.0272157474436409	0.36504498983233
2	224175000	224225000	0.0271622517795096	0.356115189985515
2	55075000	55125000	0.0271420815004151	0.359457980905445
2	190625000	190675000	0.0271384010012856	0.360710207708764
2	58475000	58525000	0.0271344341595243	0.367099320851421
2	160525000	160575000	0.0271185018822653	0.362859195345506
2	127775000	127825000	0.0271066315450048	0.364213107132364
2	114475000	114525000	0.026990597294039	0.357225246705772
2	240325000	240375000	0.0269139612257636	0.363926123677829
2	240925000	240975000	0.02687707138129	0.360861862792794
2	99425000	99475000	0.026869122798681	0.361240094398068
2	109325000	109375000	0.0267351452366945	0.36162740935669
2	187675000	187725000	0.026712232074885	0.368057880977396
2	57725000	57775000	0.0266429777850715	0.371519978436191
2	162975000	163025000	0.0266169539404011	0.365520477997765
2	198525000	198575000	0.0265067332450959	0.353514301214686
2	183875000	183925000	0.0264732747044517	0.367439062616225
2	101175000	101225000	0.0264058079115004	0.363966030560397
2	178925000	178975000	0.0263650746611598	0.364404621153869
2	128225000	128275000	0.0263383757808313	0.362365006182437
2	146525000	146575000	0.0263324188621157	0.370516800440499
2	165525000	165575000	0.0262798368050689	0.36690432109458
2	44575000	44625000	0.0262725840309913	0.364783373869836
2	179275000	179325000	0.026206094189978	0.368668231270458
2	131525000	131575000	0.0261481554572722	0.354971805046842
2	69925000	69975000	0.0261444694088467	0.361246615733812
2	203725000	203775000	0.026092264206165	0.359716618186202
2	211275000	211325000	0.0259207966921781	0.362697567622802
2	219125000	219175000	0.0258718404669872	0.362307707120332
2	6675000	6725000	0.0257711067570164	0.361033743044805
2	239875000	239925000	0.025581114074442	0.367360467737765
2	143375000	143425000	0.0255737902519391	0.36692217416315
2	119625000	119675000	0.0255340703036419	0.370323652378708
2	25125000	25175000	0.0255088909879145	0.359814818861213
2	139575000	139625000	0.0254856197818225	0.374392751633163
2	229525000	229575000	0.0254734083148959	0.366823635225185
2	127925000	127975000	0.0254262405251435	0.361012290637377
2	167375000	167425000	0.0253436414460361	0.366237879789166
2	25875000	25925000	0.0253180177529433	0.356529685333979
2	133925000	133975000	0.0252986771909329	0.367063093490869
2	238375000	238425000	0.025226929812201	0.364567547929392
2	147425000	147475000	0.0252167023565301	0.364763575981216
2	228475000	228525000	0.0251683006075056	0.364254216100599
2	88425000	88475000	0.0251415580908036	0.357427994525113
2	166775000	166825000	0.0251152464603204	0.367021771895544
2	209075000	209125000	0.0250465663100427	0.363904159554598
2	174925000	174975000	0.0249937882514141	0.363223004418353
2	95875000	95925000	0.0249921429146469	0.359556991982719
2	224275000	224325000	0.0249430219226676	0.353708818983426
2	80525000	80575000	0.0248419124380861	0.365861291713934
2	233375000	233425000	0.0248244641554473	0.368059435498093
2	238675000	238725000	0.0247831438576083	0.36491279706093
2	17075000	17125000	0.0247824056050641	0.356427011251443
2	189375000	189425000	0.0247786052658629	0.367121139830314
2	156875000	156925000	0.0247496320430197	0.353779449457016
2	185425000	185475000	0.0247025851146621	0.363853990356509
2	129075000	129125000	0.0246242932025025	0.368604150464919
2	174075000	174125000	0.0246159932259087	0.35533005661575
2	121425000	121475000	0.0246114696592846	0.360235255616594
2	19575000	19625000	0.0246024121367259	0.36293279849568
2	17525000	17575000	0.0245859547020476	0.359941342393813
2	241725000	241775000	0.0245217760309616	0.359395705073717
2	157725000	157775000	0.0245054468700911	0.354025711730636
2	103425000	103475000	0.0243946350684756	0.369775228281229
2	54325000	54375000	0.0242769320813085	0.361737988352796
2	109175000	109225000	0.0242295469500495	0.357036404076617
2	207525000	207575000	0.0241616519775801	0.362595824090244
2	168975000	169025000	0.0241125271019453	0.365417058922363
2	210425000	210475000	0.024065093564867	0.363039904278977
2	204025000	204075000	0.0238794837255722	0.35800127989882
2	27225000	27275000	0.0238612559113063	0.359306084244835
2	55725000	55775000	0.0238554015803414	0.358401601689108
2	179575000	179625000	0.0238540738683366	0.364457668811328
2	198025000	198075000	0.0238301930240029	0.352661246837048
2	226525000	226575000	0.0237535755924861	0.368250845732985
2	88325000	88375000	0.0237360400312095	0.355205967410905
2	43325000	43375000	0.0236865478846784	0.355367307352645
2	240825000	240875000	0.0236511327641887	0.358140486015786
2	232425000	232475000	0.0235730230503426	0.356176701528145
2	76825000	76875000	0.0234132222343624	0.364381273816534
2	27025000	27075000	0.0233982075341919	0.361911567044282
2	217025000	217075000	0.0232348808487777	0.365625932100883
2	171225000	171275000	0.0231609875496774	0.363676208878312
2	164925000	164975000	0.0231517587658058	0.366233937896478
2	105675000	105725000	0.0230281477906394	0.360237618140734
2	36525000	36575000	0.0230132793601596	0.367030899790978
2	128975000	129025000	0.0229630995596822	0.365550891656666
2	163975000	164025000	0.0229443348548761	0.368629596951756
2	46875000	46925000	0.0227909991543305	0.357095855559801
2	239175000	239225000	0.0225629561214486	0.369013788960779
2	112975000	113025000	0.0224965580320701	0.348432914824492
2	56275000	56325000	0.0224958725000104	0.360337699916747
2	176525000	176575000	0.0223581722649225	0.357343707565133
2	174675000	174725000	0.0223432552142621	0.359410780699514
2	134275000	134325000	0.0223355163613225	0.362277313993793
2	242525000	242575000	0.0222848807535285	0.361288911072591
2	177675000	177725000	0.0222426462005874	0.357142346971934
2	101825000	101875000	0.0222087282673784	0.358493529842872
2	625000	675000	0.0222029754496302	0.36641929158226
2	26675000	26725000	0.0220751305900611	0.359719295595711
2	195675000	195725000	0.0220038703241981	0.362750165603927
2	236675000	236725000	0.0219668308451022	0.364165367107831
2	13275000	13325000	0.021957451766289	0.364104770017134
2	34275000	34325000	0.0219463354681541	0.36613639847665
2	99925000	99975000	0.0219352956245497	0.3607267427803
2	185075000	185125000	0.0217699656119587	0.361936592332178
2	21525000	21575000	0.0217547516645968	0.360364709404936
2	24425000	24475000	0.021625360826356	0.35946217838067
2	99675000	99725000	0.0215853008167027	0.358166510194272
2	162425000	162475000	0.021547463288332	0.361999499135824
2	32975000	33025000	0.0214602342445142	0.364326471775306
2	167025000	167075000	0.0214392355710767	0.363521661860582
2	237525000	237575000	0.0214108630740311	0.354087103262602
2	39225000	39275000	0.0213176864443427	0.35368545866607
2	193425000	193475000	0.0213110104523201	0.357431756927726
2	53975000	54025000	0.021252960182694	0.363943761425579
2	165375000	165425000	0.0212285334273981	0.362467441427199
2	128425000	128475000	0.0211498309159187	0.362112089829934
2	147325000	147375000	0.0211457037414559	0.361764638010403
2	106825000	106875000	0.0211191108818468	0.358850410774153
2	128625000	128675000	0.0210890542623761	0.363880742792977
2	144125000	144175000	0.0210561773088354	0.359199431352163
2	207875000	207925000	0.0210362670356948	0.357515474390185
2	70875000	70925000	0.020943129572415	0.357886106141686
2	178175000	178225000	0.0208976561775513	0.357238877665556
2	161175000	161225000	0.0208197034813795	0.360118725982185
2	29775000	29825000	0.0207522474076474	0.35130918390202
2	63275000	63325000	0.0206635071892465	0.360217784863474
2	72925000	72975000	0.0206421089927376	0.364057729060114
2	238475000	238525000	0.0206302226290375	0.359733240325693
2	219825000	219875000	0.0206265124791524	0.359083264392802
2	120925000	120975000	0.0205957776736635	0.361692243675131
2	75275000	75325000	0.020415453673386	0.357373604929403
2	109725000	109775000	0.0204148985364062	0.360868247972212
2	208475000	208525000	0.0203735239784977	0.353812617424948
2	112025000	112075000	0.020181657176563	0.350368974174377
2	233175000	233225000	0.0201693659457292	0.364202802683534
2	224025000	224075000	0.0201541453898065	0.349387795313681
2	37875000	37925000	0.02009765033427	0.35460061282067
2	172525000	172575000	0.020026343782638	0.357378482194537
2	241975000	242025000	0.0199995695006145	0.359769134383135
2	76425000	76475000	0.0199644879892775	0.36096907056092
2	72375000	72425000	0.0199397847538991	0.362997648326
2	71475000	71525000	0.019877199981871	0.354923255021949
2	3975000	4025000	0.0198654104810748	0.361971750439929
2	188425000	188475000	0.0198626198608562	0.361185683213273
2	80175000	80225000	0.0197727027980637	0.364654254055143
2	216275000	216325000	0.0197544263177509	0.359720887508178
2	102575000	102625000	0.0197493286718199	0.355362791174464
2	207025000	207075000	0.0196810599639483	0.359422136756517
2	157825000	157875000	0.019660759950929	0.34963615173773
2	197475000	197525000	0.0196428259832342	0.359486973967565
2	187525000	187575000	0.0195714640826026	0.358437181868154
2	50725000	50775000	0.0194465613396014	0.369705491311763
2	20275000	20325000	0.0194333788609009	0.352555659379951
2	3325000	3375000	0.0194110222881932	0.357515988751184
2	210125000	210175000	0.0193850807013313	0.363268283145178
2	141625000	141675000	0.0193543961685906	0.364626212581934
2	137525000	137575000	0.0193232202771604	0.357710049005571
2	218325000	218375000	0.0193219316964384	0.360571568300731
2	18575000	18625000	0.0193090713223831	0.363863155175271
2	37375000	37425000	0.0193080034884939	0.357561821634669
2	45575000	45625000	0.0193018684562133	0.355543437290945
2	61725000	61775000	0.0192242411550059	0.360723302138919
2	195375000	195425000	0.0191982357814926	0.361017282302204
2	202275000	202325000	0.0191508509299101	0.351607986430232
2	158575000	158625000	0.0190513834426591	0.350863133116958
2	180675000	180725000	0.0190157773282075	0.360979126109849
2	219475000	219525000	0.0190008557824006	0.35820842652665
2	80075000	80125000	0.0189898372336204	0.364974866199623
2	237625000	237675000	0.0189601332339862	0.35284610325255
2	205125000	205175000	0.0188951597035957	0.360957021521576
2	188675000	188725000	0.0188922914296391	0.3612359888802
2	68875000	68925000	0.0188803142792075	0.353735255588909
2	54175000	54225000	0.0188802255623307	0.358582601107274
2	180225000	180275000	0.0187632080886481	0.357739915778663
2	77125000	77175000	0.018750149590138	0.361994009374796
2	242125000	242175000	0.0187052892857485	0.35910504898994
2	118725000	118775000	0.0186929397572554	0.365800105897552
2	219975000	220025000	0.0186898849827774	0.355532048086442
2	53875000	53925000	0.0186750963936123	0.362860110485469
2	193625000	193675000	0.0186523818751156	0.356873779325798
2	15275000	15325000	0.0185756523608753	0.361891239108247
2	73175000	73225000	0.0185515528686946	0.355872756662953
2	52675000	52725000	0.0185412840579586	0.36110012683821
2	185175000	185225000	0.0185166687093699	0.357267824955349
2	178275000	178325000	0.0184173124505936	0.355303000464181
2	181425000	181475000	0.0184070273914214	0.356639563632726
2	137675000	137725000	0.0184026670246034	0.358769337199702
2	122925000	122975000	0.0183938923541039	0.356897722738715
2	236025000	236075000	0.0183854023643898	0.360680235433882
2	69725000	69775000	0.0183742907078329	0.353750323217333
2	62425000	62475000	0.0182720561621177	0.35174553697864
2	149525000	149575000	0.0182474373082438	0.355454608648277
2	207625000	207675000	0.0181479757502852	0.356023586503471
2	207125000	207175000	0.0180859533774599	0.357763769516379
2	239375000	239425000	0.0180747172992363	0.365029108470745
2	136875000	136925000	0.0180711372106606	0.352207268964866
2	24275000	24325000	0.0180331343840828	0.356374864749278
2	17225000	17275000	0.0179924098581734	0.350873942853014
2	68525000	68575000	0.0179261268603351	0.34932845153014
2	12825000	12875000	0.0179144102207344	0.361317673271272
2	12275000	12325000	0.0179056392820304	0.355897200673165
2	219225000	219275000	0.0178699021162937	0.35474086244491
2	163675000	163725000	0.0178599910747502	0.363992765580142
2	193775000	193825000	0.0177615183270899	0.357558404009229
2	124725000	124775000	0.0177567024542787	0.36456345442207
2	170625000	170675000	0.0176839342696802	0.356144740455661
2	165275000	165325000	0.0176828368046363	0.359331360611298
2	132975000	133025000	0.0174869262849311	0.360546838396106
2	71375000	71425000	0.0174611913651018	0.355423445604585
2	120225000	120275000	0.0174510650976507	0.360596219849807
2	237375000	237425000	0.0174386369784473	0.34969935393465
2	16525000	16575000	0.0173726111773411	0.354745521408949
2	232075000	232125000	0.0173252774763966	0.347224652160538
2	228875000	228925000	0.017263217951343	0.358539726373756
2	194475000	194525000	0.0172597426974657	0.362297042941125
2	176725000	176775000	0.0172338532289784	0.352668990338647
2	141725000	141775000	0.017184729180794	0.362485816752104
2	233525000	233575000	0.017146872909868	0.358250148227348
2	217325000	217375000	0.0171180004791373	0.356724869035535
2	118925000	118975000	0.0170979874652563	0.365028987330204
2	207225000	207275000	0.0170840920693492	0.356698647554619
2	97475000	97525000	0.0170478635461146	0.354668238275173
2	95625000	95675000	0.016988649188549	0.351837386127852
2	154375000	154425000	0.0169746262391018	0.364222532234812
2	230775000	230825000	0.0169447260773444	0.356582184697931
2	201525000	201575000	0.0169021438356572	0.351749007246106
2	18975000	19025000	0.0168913830426661	0.35958370539738
2	160225000	160275000	0.0168329872336904	0.350914108127902
2	212975000	213025000	0.0168036676948781	0.35941838297722
2	204875000	204925000	0.0167607524969545	0.355859699597137
2	194075000	194125000	0.0167434501331749	0.359691312278229
2	52925000	52975000	0.0167409052933536	0.358977512287681
2	230175000	230225000	0.0167190598327984	0.357222312034293
2	105475000	105525000	0.0166981666134293	0.360690523819891
2	186125000	186175000	0.0166543807301067	0.36427914349912
2	27125000	27175000	0.0166115731963751	0.353590667118185
2	241875000	241925000	0.0165802048405825	0.354391515387197
2	160325000	160375000	0.0165524306041715	0.351186742354726
2	138225000	138275000	0.0165000508250632	0.358986757323017
2	201125000	201175000	0.016468914127751	0.356593055468034
2	86825000	86875000	0.0164543209060785	0.343876731797596
2	147075000	147125000	0.0164378088522001	0.359736894731801
2	171075000	171125000	0.0162582103653326	0.357499341638863
2	35625000	35675000	0.0162532129163138	0.362635747262711
2	148975000	149025000	0.0162221486458119	0.349447693694609
2	138125000	138175000	0.0162083156690153	0.359430880795177
2	180325000	180375000	0.0162004841504877	0.357267588309515
2	144875000	144925000	0.0161129050840184	0.357423360347511
2	110025000	110075000	0.01608473371412	0.35171934813667
2	132825000	132875000	0.0160791644054788	0.357794821212993
2	236475000	236525000	0.0160721662698675	0.359872764842795
2	177275000	177325000	0.0160557107880838	0.352193043887114
2	16375000	16425000	0.01598811747615	0.357255952790757
2	36075000	36125000	0.0159750915194897	0.361084598617019
2	119925000	119975000	0.0159135344711255	0.359636888787084
2	130575000	130625000	0.0158258098881276	0.36139866721495
2	179725000	179775000	0.0157801758085705	0.351912133304301
2	192025000	192075000	0.0157672317330221	0.354626446474545
2	193875000	193925000	0.0157488566491454	0.356596067818923
2	139125000	139175000	0.0157338306558596	0.358502827196679
2	242275000	242325000	0.0157087044952258	0.355585065679994
2	133275000	133325000	0.0156574883429024	0.361985635988877
2	70275000	70325000	0.0156341371790515	0.347666115753354
2	6175000	6225000	0.0156185404628752	0.356709998442214
2	199525000	199575000	0.0156151865374158	0.358898798898538
2	214375000	214425000	0.0156003688997025	0.353944230478537
2	219675000	219725000	0.0155302354218753	0.35560157614551
2	211475000	211525000	0.0155066238962579	0.35708211750408
2	142325000	142375000	0.0154771070662415	0.361088709284008
2	197625000	197675000	0.0154244826818626	0.358683008824968
2	235125000	235175000	0.0154232928847371	0.353758423776552
2	30625000	30675000	0.0154040485911893	0.349461686281926
2	18375000	18425000	0.0153984479728344	0.359558281492365
2	240625000	240675000	0.0153886586125499	0.350887135544334
2	130675000	130725000	0.0153514570034244	0.357693107799748
2	70975000	71025000	0.0153480313240455	0.353274877110721
2	6275000	6325000	0.0153282510320288	0.355310662054971
2	80825000	80875000	0.0152205757717642	0.356090847063191
2	113975000	114025000	0.0151262656785003	0.347297035734699
2	72125000	72175000	0.0151002691881555	0.354743130344185
2	171975000	172025000	0.015028623103101	0.352469050409557
2	15025000	15075000	0.0150255062030935	0.359654427155503
2	234775000	234825000	0.0149857268266753	0.363927765883029
2	34975000	35025000	0.014971601505275	0.360543033436735
2	32575000	32625000	0.0149464306946719	0.360100932108819
2	120025000	120075000	0.0149359367041758	0.358490611200992
2	162125000	162175000	0.014933742405538	0.357523114332873
2	53275000	53325000	0.0149083136285783	0.358977925910212
2	58125000	58175000	0.0146774318257457	0.351757649162186
2	19275000	19325000	0.014625241805435	0.354845188233732
2	31825000	31875000	0.0145767635887836	0.352841171562919
2	100675000	100725000	0.0145571532827205	0.356081674257198
2	40775000	40825000	0.0144449764255703	0.361694414471667
2	31725000	31775000	0.0144361494993012	0.353008777429041
2	142875000	142925000	0.0143761564627976	0.360890632391991
2	214675000	214725000	0.0143110446627048	0.357259352963501
2	144275000	144325000	0.0142967622441943	0.359237375999849
2	72775000	72825000	0.0142859069479115	0.359230149975686
2	79425000	79475000	0.0142319934733849	0.359698586029845
2	233675000	233725000	0.0141832539529843	0.353154833245299
2	180125000	180175000	0.0141814593259852	0.351067770546987
2	32375000	32425000	0.0141779042926891	0.355347974064523
2	49825000	49875000	0.0141760633532353	0.359511828194638
2	127225000	127275000	0.0141416400810072	0.357379321374165
2	200325000	200375000	0.0141121443244517	0.359215115105748
2	107075000	107125000	0.0141027495648359	0.356205791387133
2	184975000	185025000	0.0140943989961878	0.355676496190648
2	212575000	212625000	0.0139541942590916	0.3606609993366
2	14025000	14075000	0.0139478731190255	0.356773136361651
2	3125000	3175000	0.0139208200225329	0.354888187658064
2	49675000	49725000	0.0138873345041542	0.35797881855625
2	193975000	194025000	0.0138846510864924	0.355782187743909
2	81575000	81625000	0.0138678690919206	0.358317026850229
2	231275000	231325000	0.0138663749103278	0.352012606796246
2	46975000	47025000	0.0138515757367613	0.347507726469233
2	78825000	78875000	0.0137500911038742	0.358493819011974
2	66825000	66875000	0.013741714622709	0.360761855199405
2	199875000	199925000	0.0137381615209935	0.356140016730857
2	186025000	186075000	0.0136519914527438	0.360066274575019
2	194775000	194825000	0.0135656097814777	0.357530158784154
2	187075000	187125000	0.0135648386767167	0.354860589133585
2	189225000	189275000	0.0135256713182471	0.358018562986601
2	66575000	66625000	0.0135057552073741	0.360461220886733
2	206525000	206575000	0.0134996902579513	0.358114169423738
2	16075000	16125000	0.0134888248418294	0.355966373137358
2	32825000	32875000	0.0134661539800969	0.358472631363145
2	97625000	97675000	0.0133872498324623	0.348533255205743
2	23375000	23425000	0.0133320437533535	0.360461178882477
2	181675000	181725000	0.0133273033647843	0.350217330758549
2	1825000	1875000	0.0132871009046185	0.362409301352256
2	41575000	41625000	0.0132861415236501	0.35967063263913
2	31375000	31425000	0.0132394497100981	0.352396759375037
2	132425000	132475000	0.0132341909531866	0.354250922289169
2	229175000	229225000	0.0132313240708914	0.354669337007248
2	60425000	60475000	0.0132279297435969	0.35600099102427
2	4825000	4875000	0.0132198488102269	0.357540317872525
2	137825000	137875000	0.0131927328555499	0.355539244477337
2	61875000	61925000	0.0131723792984703	0.352189987018981
2	164175000	164225000	0.0131038139037104	0.359250603989398
2	108125000	108175000	0.0130726642579069	0.355532842016727
2	77875000	77925000	0.0130270393114736	0.361960419602346
2	186825000	186875000	0.0130026578969587	0.357215065555701
2	191675000	191725000	0.0129521471640046	0.357129286050465
2	166575000	166625000	0.012850092174597	0.354069440110255
2	7825000	7875000	0.0128384741473792	0.354934973780149
2	40425000	40475000	0.0127317588212747	0.356982223005592
2	191375000	191425000	0.0126772407832058	0.352033958154417
2	96775000	96825000	0.0126515707188509	0.348858025599595
2	8525000	8575000	0.0126195236006384	0.354782800197746
2	154025000	154075000	0.0125662847845425	0.355181290342723
2	179125000	179175000	0.0125464936647908	0.352395535435498
2	123025000	123075000	0.0125391332246257	0.353302937216112
2	138875000	138925000	0.0125250848179163	0.352201572431583
2	4925000	4975000	0.0125063765292968	0.356406348883675
2	182775000	182825000	0.0124685955442241	0.348598371411504
2	84175000	84225000	0.0124593385957472	0.359085083041574
2	58675000	58725000	0.0124238978711977	0.354961629409623
2	81325000	81375000	0.0124141143927247	0.355670309995406
2	217875000	217925000	0.0123566638419087	0.35353333125779
2	58775000	58825000	0.0122240719624841	0.356048225924173
2	81075000	81125000	0.0122229951150005	0.354286228562055
2	133375000	133425000	0.0121752899956967	0.357714252358984
2	81225000	81275000	0.0121577846442928	0.354936795384723
2	14625000	14675000	0.0120515807091627	0.356565750159099
2	34775000	34825000	0.0120480997288732	0.357183396034635
2	185825000	185875000	0.0120357220535298	0.356029045882329
2	33175000	33225000	0.0120231432491849	0.352035727643636
2	239775000	239825000	0.0119912621041834	0.354988509873553
2	146775000	146825000	0.0119099734703893	0.356546102091028
2	129775000	129825000	0.0118715212418437	0.356322541858724
2	128775000	128825000	0.0118405469904629	0.353674658561634
2	31075000	31125000	0.0117888549679112	0.348906295843169
2	161325000	161375000	0.0117867253362307	0.351903063611996
2	56925000	56975000	0.011760841750094	0.359924311447857
2	150175000	150225000	0.0117305133799267	0.350578492288475
2	100975000	101025000	0.0117280823788035	0.350798513366807
2	75425000	75475000	0.0116885104408738	0.351170119040838
2	189575000	189625000	0.0116752796758914	0.351150671435139
2	129475000	129525000	0.0116637306635971	0.358962653564531
2	19825000	19875000	0.0116586959960107	0.348414448963845
2	4075000	4125000	0.0116138098256591	0.355614993524897
2	194975000	195025000	0.0116007824674663	0.354850163976154
2	21875000	21925000	0.0115702260422031	0.356967649969885
2	234325000	234375000	0.0115537204981985	0.354857663266872
2	167775000	167825000	0.0114940322711655	0.355146249074371
2	153175000	153225000	0.0114912696457573	0.350492951147733
2	145125000	145175000	0.0114423251814963	0.353516774674999
2	234625000	234675000	0.0113542927530718	0.358932546322055
2	130125000	130175000	0.0113460238028769	0.35714164824638
2	143575000	143625000	0.011322259522702	0.348209452106281
2	144675000	144725000	0.0112612804799913	0.355836428396969
2	28075000	28125000	0.0112528503676925	0.354877703544116
2	3025000	3075000	0.0112349659371244	0.353633534158925
2	41875000	41925000	0.0111884975468366	0.351624400549484
2	235775000	235825000	0.0111221638663577	0.350309169122214
2	151275000	151325000	0.0111199882472587	0.356575094406517
2	229825000	229875000	0.011055287025369	0.352014602531599
2	37125000	37175000	0.0110497532332341	0.351249337171426
2	142675000	142725000	0.0110401194925234	0.357226277708471
2	126925000	126975000	0.0110193556440068	0.358410512481431
2	23175000	23225000	0.0110045627531593	0.35998952951106
2	14225000	14275000	0.0109980826349328	0.354431729706477
2	150625000	150675000	0.0109963679395924	0.353175812435365
2	229925000	229975000	0.0109519452117642	0.351780956916641
2	151475000	151525000	0.0109216177163622	0.3572898607835
2	135975000	136025000	0.0109091069071918	0.352290781403633
2	146225000	146275000	0.0108631724167994	0.356007872712068
2	58925000	58975000	0.0108434263622412	0.356597213958826
2	142025000	142075000	0.010842677630434	0.356231578675644
2	8125000	8175000	0.0108283237701732	0.355531198230655
2	75675000	75725000	0.0108110644045653	0.352673080048727
2	184625000	184675000	0.0107744216868637	0.355584057249163
2	211875000	211925000	0.0107560178575378	0.35973110574039
2	49425000	49475000	0.0107466339886479	0.352764316725233
2	49525000	49575000	0.0106558184676588	0.353503021730448
2	153825000	153875000	0.0106557910034857	0.35221754686984
2	4375000	4425000	0.0106500802275028	0.356862784475438
2	39725000	39775000	0.010630244629007	0.348645394370453
2	217225000	217275000	0.0106191451175495	0.352458096230377
2	136175000	136225000	0.0106073227140156	0.352769928912476
2	187975000	188025000	0.010598878841568	0.354638026830199
2	83975000	84025000	0.0105575310406317	0.360894924677621
2	169975000	170025000	0.0105570048306288	0.354906556074593
2	184725000	184775000	0.0105550966510525	0.355100333933779
2	53425000	53475000	0.0104425602387831	0.355297746214976
2	164625000	164675000	0.0104418798441834	0.354942768056885
2	84975000	85025000	0.0104059199310528	0.348066273391017
2	53525000	53575000	0.0103860731671418	0.355764974939708
2	118125000	118175000	0.0103833951737676	0.357748863072852
2	242425000	242475000	0.010360824485075	0.34971378715042
2	125525000	125575000	0.0102724170815107	0.358884146737985
2	175425000	175475000	0.0102452861776642	0.346341128133774
2	275000	325000	0.0102375081265031	0.358498383649574
2	237775000	237825000	0.0102049663514351	0.345905531114989
2	141275000	141325000	0.0101719076835343	0.357769411038513
2	214825000	214875000	0.010132751833842	0.35586955366993
2	150775000	150825000	0.0101321465864206	0.353622161507539
2	38275000	38325000	0.0101159713734623	0.342068412289675
2	77425000	77475000	0.0101074702615424	0.355627138248686
2	185675000	185725000	0.0101044380268602	0.352282042385552
2	184525000	184575000	0.0100553102818631	0.355129344123735
2	63425000	63475000	0.0099475016886667	0.350574861161313
2	129925000	129975000	0.00994708979382369	0.35414901353027
2	143025000	143075000	0.00992771965102518	0.356688433865153
2	108225000	108275000	0.00991792220620002	0.351635264918367
2	221525000	221575000	0.00990466842611648	0.357288526932874
2	200175000	200225000	0.00987761001093934	0.354080208935091
2	170075000	170125000	0.0098704774730079	0.352691656202131
2	125875000	125925000	0.00986619203856332	0.354246286721797
2	227475000	227525000	0.00986210615282468	0.350883044123477
2	161525000	161575000	0.00985375033988284	0.351059842982261
2	226175000	226225000	0.00978864296324844	0.348871557462784
2	2475000	2525000	0.00966614777008323	0.357633582817613
2	183175000	183225000	0.00965375553955317	0.347066708852562
2	53625000	53675000	0.00964680710846555	0.355549424677405
2	5475000	5525000	0.00964033465584768	0.358765194301677
2	35775000	35825000	0.00962725760738614	0.355585449537494
2	215675000	215725000	0.00960859593351421	0.355653614334058
2	126225000	126275000	0.00954289262039582	0.353954514115728
2	215775000	215825000	0.00952512829749486	0.353365558018545
2	59525000	59575000	0.00951342790064169	0.358335715100533
2	168675000	168725000	0.00950812602085932	0.355827742839141
2	50375000	50425000	0.00950156916575745	0.357996174698992
2	209525000	209575000	0.00949501238679334	0.356009202832739
2	12525000	12575000	0.00948108157286986	0.352258048690315
2	120825000	120875000	0.00947387766550445	0.350835906541342
2	47375000	47425000	0.00947053061574166	0.340531858656218
2	191525000	191575000	0.00944271516653361	0.350999606604832
2	123175000	123225000	0.00944112472320946	0.352690527876705
2	138025000	138075000	0.00940866771401844	0.353367091468389
2	155775000	155825000	0.00937225711458861	0.35152022047839
2	77575000	77625000	0.00936977775125375	0.35602734983964
2	8425000	8475000	0.00934778305394496	0.352490749816862
2	205575000	205625000	0.00933452532697682	0.356935543702527
2	194225000	194275000	0.00931348477929111	0.353836835155803
2	22525000	22575000	0.00927126983224363	0.360363793936106
2	49275000	49325000	0.00926892002741792	0.350042321974696
2	82325000	82375000	0.00926239817632107	0.358041557065158
2	35225000	35275000	0.00925635437716649	0.35544550872424
2	35875000	35925000	0.00925415895955828	0.354929455945473
2	209975000	210025000	0.00924157611523002	0.355216701686092
2	233275000	233325000	0.00924058747849493	0.353896689504584
2	151875000	151925000	0.00920290630203574	0.353698593180284
2	239025000	239075000	0.00917585271679006	0.353730331665317
2	13575000	13625000	0.00917447881115158	0.351031752030378
2	81925000	81975000	0.00916402877559364	0.355488183005502
2	22025000	22075000	0.00915675655233972	0.357463094560312
2	239675000	239725000	0.00902701712499265	0.353242159000409
2	115325000	115375000	0.00901384814190631	0.358554633335949
2	23475000	23525000	0.00900896157036407	0.35508174717157
2	19175000	19225000	0.00897590775976115	0.349942270715921
2	141175000	141225000	0.00890491957212519	0.357687219766396
2	107825000	107875000	0.00887695664510735	0.353565639543889
2	41475000	41525000	0.00887016831903614	0.356327745841964
2	105025000	105075000	0.00886367142070005	0.358071461431683
2	217975000	218025000	0.00885382066344165	0.350875350616192
2	52525000	52575000	0.00885084364087585	0.355518688557139
2	152575000	152625000	0.00879073276844061	0.346921085514811
2	141875000	141925000	0.00877128711966568	0.354116281427926
2	211975000	212025000	0.0087264872781031	0.358635702446643
2	5675000	5725000	0.00871081639759325	0.355401523753259
2	151125000	151175000	0.00865113035031678	0.353997404507402
2	155475000	155525000	0.00864477539080255	0.352484887480324
2	4675000	4725000	0.00860146240448301	0.35355267652866
2	15125000	15175000	0.00857950619287373	0.352683093463268
2	145275000	145325000	0.0085603472125384	0.355453567286228
2	168125000	168175000	0.00854952816360849	0.35821639521832
2	165125000	165175000	0.00853057655715606	0.350793524074108
2	220925000	220975000	0.00850478789766346	0.354053818210513
2	124875000	124925000	0.00848716955097095	0.355909886550095
2	5775000	5825000	0.00847520819168385	0.35400285399661
2	120725000	120775000	0.008472453994813	0.350100045745021
2	164475000	164525000	0.00845707615560282	0.353762249740043
2	35375000	35425000	0.00843511768853578	0.354994905484977
2	79675000	79725000	0.00843372351993182	0.355414422647164
2	2725000	2775000	0.00843231248599019	0.354101044067154
2	28325000	28375000	0.0084281511746645	0.350905851530847
2	163375000	163425000	0.00841028706732888	0.353943780443241
2	57425000	57475000	0.00839871996308494	0.356283208658049
2	84075000	84125000	0.00838932456124941	0.356870893602657
2	60325000	60375000	0.00838400064710143	0.355616242429392
2	123575000	123625000	0.00835229614642374	0.353406703740998
2	155675000	155725000	0.00831888191860752	0.355695857998833
2	154925000	154975000	0.00830343731619981	0.355011625678028
2	212725000	212775000	0.00829041460283308	0.353462686007154
2	107525000	107575000	0.00827753226171063	0.355194720300454
2	108575000	108625000	0.00826468953393739	0.347019686035726
2	144575000	144625000	0.00823521347786776	0.354442707721589
2	82075000	82125000	0.00817524843003886	0.355420029407046
2	51975000	52025000	0.00816467012924477	0.358152152518908
2	2575000	2625000	0.00815336527020144	0.355201318931185
2	77775000	77825000	0.00812828534160581	0.356303062898316
2	59175000	59225000	0.00812013289465269	0.356056635452446
2	200575000	200625000	0.00808072856171238	0.353869251381656
2	14775000	14825000	0.00806386502430551	0.352898077066486
2	213225000	213275000	0.00806232843143123	0.348119487591794
2	184425000	184475000	0.00799348888963852	0.353331921011083
2	23075000	23125000	0.00798978849328419	0.357517369924986
2	103775000	103825000	0.00797404526300849	0.358508313170126
2	925000	975000	0.00790788075424181	0.352813700353715
2	186675000	186725000	0.00787869464688368	0.35384109662675
2	126525000	126575000	0.00783071582520289	0.357323808241128
2	151025000	151075000	0.00779272382747076	0.353066443316441
2	107625000	107675000	0.00776363684377368	0.353937989835863
2	56625000	56675000	0.00776014151029092	0.352963598620019
2	138325000	138375000	0.00775812189907671	0.349508969768822
2	115425000	115475000	0.00771226349967041	0.357958372264565
2	133775000	133825000	0.007704382015295	0.350312992444406
2	167925000	167975000	0.00770061642623487	0.353930540480086
2	77675000	77725000	0.00768971075727426	0.355105885579823
2	13925000	13975000	0.00767805758855711	0.350199128916724
2	51325000	51375000	0.00763972375397726	0.358183553954224
2	220375000	220425000	0.00762972639877407	0.346848412168039
2	212275000	212325000	0.0075920135943347	0.357367886018219
2	8325000	8375000	0.00758942955707942	0.351252365552518
2	115625000	115675000	0.00758130421121173	0.359238060117811
2	2825000	2875000	0.00749746986547389	0.352246720060091
2	1075000	1125000	0.00748114253696996	0.352731713869864
2	145925000	145975000	0.0074748593272102	0.355082293506957
2	125775000	125825000	0.00746102770414814	0.353050160951165
2	115975000	116025000	0.00745570221381719	0.359192215821697
2	233025000	233075000	0.00744216837549733	0.347475913223284
2	215475000	215525000	0.00743475559268647	0.354900064324766
2	52425000	52475000	0.00742512857750155	0.356832308251106
2	186525000	186575000	0.00740889003123102	0.355121286332222
2	183275000	183325000	0.00736972228752719	0.345103469961969
2	67425000	67475000	0.0073651986976776	0.35686669896813
2	130025000	130075000	0.0073380293190895	0.352486350514526
2	199675000	199725000	0.00730715234048612	0.349254167945306
2	44975000	45025000	0.00729650283145089	0.346261847885679
2	139325000	139375000	0.00728867426183538	0.352694997727704
2	4475000	4525000	0.00726080225007308	0.353053009790089
2	82425000	82475000	0.0072498923487091	0.356642802402279
2	168525000	168575000	0.00724330743372931	0.355251498164298
2	78175000	78225000	0.0072314021780972	0.356929643199828
2	107725000	107775000	0.00721177154676872	0.352643289492204
2	100475000	100525000	0.00719530890676279	0.350985148131597
2	239475000	239525000	0.00718154772738905	0.353375261303875
2	226725000	226775000	0.00717634626336511	0.354767533912986
2	5375000	5425000	0.00716890717560675	0.357510842966519
2	104525000	104575000	0.00716282036708549	0.357489136615151
2	130275000	130325000	0.00712114738914171	0.353439085388358
2	222075000	222125000	0.00709910489533327	0.351603451739784
2	188125000	188175000	0.00707823631873833	0.350197770702631
2	234975000	235025000	0.00707620527033836	0.354389356401085
2	60025000	60075000	0.00703296854669078	0.353829291709869
2	78375000	78425000	0.00698427035273036	0.356990958865482
2	84875000	84925000	0.00698377011620038	0.346570660318965
2	118025000	118075000	0.00693387902996673	0.355658055209948
2	209675000	209725000	0.00688173422614763	0.353762589190491
2	186425000	186475000	0.00685643717527634	0.355735496357016
2	115125000	115175000	0.00685085800185692	0.353785314733799
2	151575000	151625000	0.00684378513804629	0.354052610444949
2	72525000	72575000	0.00672943920102487	0.351836304222768
2	51575000	51625000	0.00671775394864937	0.355915871675702
2	82525000	82575000	0.00671725326374251	0.356723914482044
2	12725000	12775000	0.00670803729035141	0.350755233519605
2	116625000	116675000	0.0066851905415255	0.357162839483159
2	200475000	200525000	0.00660409082030716	0.352607433458748
2	226325000	226375000	0.00658789951441024	0.347991252145787
2	215275000	215325000	0.00656641512579009	0.354455718513589
2	104875000	104925000	0.00656433839297677	0.355836262235082
2	34625000	34675000	0.00656049775627232	0.351412224072854
2	133575000	133625000	0.00648815816837078	0.350448749966285
2	145775000	145825000	0.00641343791049515	0.355252239032481
2	124275000	124325000	0.00639094597787948	0.354645719718088
2	104425000	104475000	0.00636573656739936	0.357187182102884
2	51225000	51275000	0.00635885915408735	0.357931391780232
2	155575000	155625000	0.00634740640065556	0.354288432056121
2	67875000	67925000	0.00632477645325336	0.354808147820398
2	228575000	228625000	0.0063239610536811	0.346780547103019
2	125075000	125125000	0.00629742155665491	0.354857876508195
2	221375000	221425000	0.00628748071326246	0.35411816828177
2	63525000	63575000	0.0062435335805851	0.34638386697679
2	227025000	227075000	0.00622373911925106	0.355614812626989
2	119075000	119125000	0.00620573733415064	0.353463576244123
2	117075000	117125000	0.00616981205988476	0.355906346812407
2	116775000	116825000	0.00612639852505242	0.355886569674939
2	24825000	24875000	0.00604746268380724	0.342244188601547
2	118325000	118375000	0.00604418567335613	0.350692237010648
2	171525000	171575000	0.00602424184453659	0.345188507956526
2	68025000	68075000	0.00602395048705473	0.352473738564197
2	82875000	82925000	0.00601451073349618	0.356919611094981
2	67675000	67725000	0.00600588108693029	0.354547937707967
2	206425000	206475000	0.00598887625021211	0.353704682139629
2	143225000	143275000	0.00596918022473536	0.35066345763167
2	41025000	41075000	0.00595664680235825	0.355348209035439
2	22975000	23025000	0.00592235092821158	0.355992547033714
2	102175000	102225000	0.00591225569736792	0.348030623413048
2	51875000	51925000	0.0058956385616134	0.355685779785624
2	126625000	126675000	0.00586766155777346	0.355694278032537
2	52225000	52275000	0.00584084793802919	0.356321683241825
2	8625000	8675000	0.00582562530657899	0.346549490804591
2	206125000	206175000	0.00581223418668014	0.355441040500822
2	59925000	59975000	0.00579231595638169	0.35343268134934
2	188875000	188925000	0.00574586390542225	0.350239337016831
2	236325000	236375000	0.00570250280815915	0.350704648113736
2	221125000	221175000	0.00570210458248904	0.353553078365732
2	52325000	52375000	0.00567257339162303	0.356350749861071
2	82975000	83025000	0.00562581627593117	0.356728104491022
2	146025000	146075000	0.0056005551864034	0.352387078071324
2	120575000	120625000	0.00559122935490286	0.347640883995429
2	132725000	132775000	0.0055812122353685	0.350544376380669
2	145375000	145425000	0.00556383332487154	0.355669567118686
2	117275000	117325000	0.00555717513398007	0.355748392016969
2	129575000	129625000	0.0055519635637209	0.353343273620803
2	57125000	57175000	0.00553957558401896	0.353591452880662
2	59825000	59875000	0.00550765835843758	0.353992065981176
2	221025000	221075000	0.00550657272678584	0.352206574774832
2	41375000	41425000	0.00550350843073383	0.35403417236111
2	236875000	236925000	0.00546411486329401	0.345666897795748
2	215125000	215175000	0.00545069379200119	0.35365799317159
2	56725000	56775000	0.00544507262439775	0.352677667660043
2	133075000	133125000	0.00539678623444523	0.351424707318173
2	221225000	221275000	0.00539103471450292	0.353668551344761
2	188975000	189025000	0.00538650966311688	0.35095487060495
2	195475000	195525000	0.00533464415513407	0.346796106928852
2	66925000	66975000	0.00530511816052887	0.353034134058495
2	45375000	45425000	0.00529928811544023	0.343097362875615
2	124425000	124475000	0.00526214655229079	0.35247663775749
2	66225000	66275000	0.00525385305796117	0.353712453059827
2	100325000	100375000	0.0052217651626893	0.349433138057874
2	150925000	150975000	0.00520204923818712	0.350002634584651
2	195925000	195975000	0.00519996814836626	0.345019627508555
2	41125000	41175000	0.0051618862922852	0.35541029820016
2	40625000	40675000	0.0051610217740452	0.351125185307951
2	117175000	117225000	0.00515666079812221	0.355120536615878
2	1475000	1525000	0.00514106635988992	0.352627233765263
2	154825000	154875000	0.00513466852528605	0.353391521295614
2	119275000	119325000	0.00513147935871938	0.351491770328726
2	115525000	115575000	0.00511478041035207	0.356066212746099
2	52125000	52175000	0.00507039564445505	0.355353889782598
2	151775000	151825000	0.00504900369543382	0.352194031765882
2	83475000	83525000	0.00503859441861881	0.357562703959897
2	1575000	1625000	0.00503121332200235	0.353405344274667
2	18175000	18225000	0.00501696232888138	0.348012727240308
2	116925000	116975000	0.00499937097268571	0.354394894127358
2	104775000	104825000	0.00499320326600139	0.354307882995521
2	22325000	22375000	0.00498802041210844	0.355273189818581
2	79775000	79825000	0.00496296248260952	0.35254930423815
2	182125000	182175000	0.00492017152871144	0.339393682996905
2	186225000	186275000	0.00490885723771528	0.353744099653467
2	103875000	103925000	0.00488389927758059	0.355960376043133
2	67175000	67225000	0.00487487527208552	0.354376079473225
2	154175000	154225000	0.00486903878766376	0.34883192431008
2	28225000	28275000	0.00483174515256046	0.349072444838933
2	205975000	206025000	0.00480591005008646	0.354652118601974
2	59275000	59325000	0.00475296486774557	0.352942548751853
2	211625000	211675000	0.00470264713512847	0.34987718275085
2	117525000	117575000	0.00468404118023302	0.355443610726306
2	78475000	78525000	0.00466275109059894	0.35407904241643
2	36725000	36775000	0.00466205841000983	0.34797486761543
2	76125000	76175000	0.00465857087639326	0.347993758134729
2	83075000	83125000	0.00461490359046707	0.355914379659164
2	218075000	218125000	0.00456808881178095	0.347434481301401
2	221675000	221725000	0.00455680375658601	0.351493833201593
2	60125000	60175000	0.00451276335744499	0.351658947901936
2	129675000	129725000	0.00449007819785768	0.351332087493588
2	7975000	8025000	0.00446817933662425	0.348909437014569
2	78625000	78675000	0.00445344518514806	0.351867209331951
2	116325000	116375000	0.00440734172237017	0.356018332748568
2	103575000	103625000	0.00439121247387875	0.35253868518819
2	116525000	116575000	0.00429993650120813	0.355255903970673
2	205725000	205775000	0.00424951367590665	0.353751826921456
2	2175000	2225000	0.00423631578606598	0.353890669746026
2	144425000	144475000	0.00422028496152216	0.352876298695357
2	130425000	130475000	0.00421389184463333	0.351054143399562
2	126325000	126375000	0.00421029267109835	0.351676037387987
2	124025000	124075000	0.00414349764280431	0.353128825381069
2	104675000	104725000	0.00411726741324714	0.353700889730184
2	117875000	117925000	0.00410410377587572	0.354866342377201
2	50075000	50125000	0.00407347539969499	0.351483041556609
2	67025000	67075000	0.00405912633701899	0.352497017556255
2	123725000	123775000	0.00404960417890782	0.349780888438887
2	83175000	83225000	0.00400110619441946	0.355610160625447
2	5225000	5275000	0.00394519445677705	0.353484322320387
2	168375000	168425000	0.00391603713360972	0.353612801776465
2	145625000	145675000	0.00388398956334479	0.353954157627569
2	154725000	154775000	0.00387298072702802	0.353678497905856
2	82725000	82775000	0.00386476946915087	0.354474088050227
2	22225000	22275000	0.00385971261664353	0.353741204674421
2	67325000	67375000	0.00385731505588982	0.353831201494314
2	134975000	135025000	0.00382273422522739	0.340855132692479
2	124125000	124175000	0.00377310650243901	0.353101319310192
2	117375000	117425000	0.00375620715688668	0.35417476510511
2	221975000	222025000	0.00373011928211014	0.349359777791653
2	140525000	140575000	0.00370987497671688	0.356897900183948
2	227175000	227225000	0.00370730832151339	0.352577829555527
2	124525000	124575000	0.00369421406648884	0.350226235759194
2	66025000	66075000	0.00368242790277234	0.350852621718139
2	1975000	2025000	0.00366246898720368	0.353012735225836
2	50875000	50925000	0.00364485287205135	0.355131883992564
2	51075000	51125000	0.00363821073976023	0.355648900311201
2	116425000	116475000	0.00360092282627555	0.355035208823572
2	140275000	140325000	0.00358397642945119	0.356580321292606
2	117725000	117775000	0.00357700065608696	0.354791252332627
2	83825000	83875000	0.00356591713551152	0.355110957205068
2	140775000	140825000	0.00356534713280954	0.356553890693454
2	205825000	205875000	0.00353939932422359	0.353603010113857
2	226925000	226975000	0.00348474569262908	0.353222854049516
2	145475000	145525000	0.00342007651571019	0.354721611522174
2	209825000	209875000	0.00339984289504452	0.350647362377785
2	78075000	78125000	0.00339397674692843	0.352937994023148
2	36375000	36425000	0.00337900886306741	0.347712287360881
2	50975000	51025000	0.00335612066029473	0.355290615964084
2	123925000	123975000	0.00334612300759163	0.350930054561848
2	23275000	23325000	0.00332951452882901	0.351514999185871
2	83375000	83425000	0.00332657627476363	0.355779568447903
2	146875000	146925000	0.00332069105039984	0.348137518487941
2	83675000	83725000	0.00323407823206057	0.355198719503784
2	83575000	83625000	0.00321617143353392	0.355460546840035
2	139875000	139925000	0.0032151612977061	0.355200768798451
2	102275000	102325000	0.00319496766924271	0.345098377432879
2	227275000	227325000	0.00316433937358168	0.351687825758446
2	154575000	154625000	0.0031381187211228	0.353671045190127
2	212175000	212225000	0.00312298623733565	0.353921881110011
2	51425000	51475000	0.00309608749408213	0.35261121526843
2	77975000	78025000	0.00307755407797472	0.352467347608684
2	104125000	104175000	0.00307660024620954	0.354811096961998
2	125225000	125275000	0.00306809860447244	0.352560969831317
2	41275000	41325000	0.00306562599385451	0.352669376331679
2	125325000	125375000	0.00301931504861092	0.353133797125659
2	34025000	34075000	0.00296823728465911	0.345116359628523
2	140025000	140075000	0.00292604067370023	0.355328391585986
2	66375000	66425000	0.00290553995449722	0.350719939532431
2	79925000	79975000	0.00284506331360901	0.350485308842997
2	234475000	234525000	0.00281806725041395	0.349032535332027
2	168275000	168325000	0.00280782934821461	0.353630309932594
2	140675000	140725000	0.00278782130803884	0.355895273726384
2	140425000	140475000	0.00278150684875816	0.355892859918359
2	13775000	13825000	0.0027582374724161	0.344823020928895
2	135475000	135525000	0.00263598484140221	0.34169447678937
2	60625000	60675000	0.0026277571062166	0.33769312364446
2	116075000	116125000	0.00253301917012783	0.354019306430179
2	1375000	1425000	0.00248201625692274	0.349080220115004
2	200025000	200075000	0.00245836491842605	0.345760591985434
2	60225000	60275000	0.00242591083981658	0.351115860376713
2	140925000	140975000	0.002334808373544	0.354079100666046
2	104025000	104075000	0.00232994549570503	0.353987234816959
2	124975000	125025000	0.0022725302718038	0.350211374373141
2	41725000	41775000	0.00215402259973058	0.346928884104039
2	59675000	59725000	0.00207328898363796	0.351275198173
2	105225000	105275000	0.00201400637698806	0.351136284613141
2	50525000	50575000	0.00197464059350017	0.350871413594666
2	140175000	140225000	0.00182774784727929	0.354646842171105
2	24125000	24175000	0.00164193504807736	0.340848448717818
2	56825000	56875000	0.00148577599997429	0.349705041898297
2	172125000	172175000	0.00145448060297859	0.338544586663267
2	163525000	163575000	0.00141948760431682	0.348345920509827
2	116175000	116225000	0.00131736863233428	0.352740996953486
2	22725000	22775000	0.00128520184899028	0.352711934638994
2	153325000	153375000	0.00087457828626325	0.340018956706567
2	206275000	206325000	0.000450664121059985	0.349862068197456
2	218725000	218775000	0.000225345488360396	0.337396607785129
2	123375000	123425000	0.000222628969333172	0.344374534343368
