Start	End	Cen
0	13	0
13	36	25
36	51	46
51	61	58
61	75	70
75	105	91
105	110	106
110	122	115
122	138	129
138	157	155
157	177	172
177	191	182
191	204	201
204	218	208
218	239	229
239	250	242
250	263	253
263	285	274
285	293	289
293	306	297
306	315	310
315	333	325
333	339	337
339	350	346
350	371	364
371	379	376
379	391	384
391	401	396
401	411	406
411	424	414
424	431	428
431	451	442
451	462	455
462	478	472
478	491	484
491	501	496
501	508	505
508	517	512
517	533	525
533	540	537
540	558	547
558	574	564
574	582	578
582	589	585
589	606	598
606	618	611
618	632	623
632	651	644
651	660	653
660	677	668
677	685	681
685	700	690
700	713	704
713	721	719
721	731	727
731	739	734
739	752	744
752	762	756
762	775	766
775	781	777
781	790	786
790	801	795
801	816	811
816	831	826
831	840	836
840	851	844
851	860	856
860	876	871
876	884	880
884	893	888
893	903	897
903	915	908
915	924	920
924	943	929
943	952	947
952	960	956
960	975	970
975	982	979
982	996	987
996	1014	1003
1014	1040	1030
1040	1050	1047
1050	1059	1055
1059	1070	1062
1070	1079	1075
1079	1093	1090
1093	1099	1096
1099	1108	1105
1108	1118	1112
1118	1127	1122
1127	1139	1132
1139	1158	1150
1158	1179	1164
1179	1190	1182
1190	1198	1194
1198	1207	1203
1207	1217	1212
1217	1225	1222
1225	1242	1232
1242	1253	1248
1253	1260	1257
1260	1276	1270
1276	1284	1279
1284	1295	1288
1295	1308	1299
1308	1316	1312
1316	1324	1321
1324	1332	1327
1332	1348	1341
1348	1358	1352
1358	1365	1360
1365	1374	1369
1374	1383	1379
1383	1390	1387
1390	1401	1397
1401	1410	1405
1410	1424	1414
1424	1435	1431
1435	1448	1444
1448	1458	1452
1458	1469	1466
1469	1478	1474
1478	1497	1484
1497	1503	1500
1503	1518	1510
1518	1528	1524
1528	1536	1532
1536	1554	1550
1554	1567	1560
1567	1576	1571
1576	1584	1580
1584	1603	1597
1603	1631	1614
1631	1646	1636
1646	1658	1652
1658	1670	1663
1670	1680	1675
1680	1692	1687
1692	1705	1698
1705	1710	1707
1710	1717	1714
1717	1740	1723
1740	1753	1743
1753	1759	1754
1759	1768	1760
1768	1782	1772
1782	1792	1786
1796	1808	1801
1831	1846	1842
1906	1921	1915
1921	1931	1924
1931	1944	1936
1944	1962	1951
1962	1979	1971
1979	1994	1987
1994	2003	1998
2003	2017	2012
2017	2031	2028
2031	2039	2034
2039	2049	2044
2049	2069	2054
2069	2090	2084
2090	2100	2095
2100	2110	2105
2110	2118	2115
2118	2124	2121
2124	2133	2128
2133	2144	2138
2144	2169	2158
2169	2176	2172
2176	2190	2182
2190	2204	2198
2204	2211	2208
2211	2221	2218
2227	2244	2239
2244	2250	2246
2250	2265	2261
2265	2275	2271
2275	2284	2280
2284	2295	2291
2295	2309	2301
2319	2333	2324
2333	2345	2337
2345	2363	2353
2363	2370	2366
2370	2392	2387
2392	2399	2396
2399	2408	2403
2408	2422	2413
2422	2428	2425
2428	2441	2432
2441	2451	2447
2451	2472	2467
2472	2484	2476
2484	2495	2487
2495	2510	2500
2510	2531	2522
2531	2539	2535
2539	2555	2547
2555	2568	2562
2568	2573	2570
2573	2581	2577
2581	2589	2585
2589	2603	2597
2603	2616	2607
2616	2629	2620
2629	2636	2632
2636	2651	2647
2651	2666	2654
2666	2678	2673
2678	2691	2683
2691	2704	2700
2704	2713	2708
2713	2731	2726
2731	2743	2738
2743	2753	2747
2753	2763	2759
2763	2772	2767
2772	2791	2785
2791	2810	2807
2810	2824	2817
2824	2833	2829
2833	2858	2844
2858	2868	2863
2868	2875	2871
2875	2884	2878
2884	2912	2900
2912	2931	2927
2931	2948	2938
2948	2962	2959
2962	2973	2968
2973	2985	2978
2985	2994	2989
2994	3008	3001
3008	3026	3019
3026	3031	3028
3031	3041	3034
3041	3047	3044
3047	3057	3053
3057	3072	3065
3072	3087	3083
3087	3105	3096
3105	3111	3108
3111	3123	3118
3123	3142	3129
3142	3149	3146
3149	3162	3157
3162	3177	3165
3177	3185	3182
3185	3193	3188
3193	3200	3197
3200	3223	3208
3223	3237	3232
3237	3245	3241
3245	3264	3252
3264	3280	3270
3280	3289	3286
3289	3299	3295
3299	3308	3303
3308	3323	3319
3323	3335	3329
3335	3347	3338
3347	3362	3352
3362	3371	3367
3371	3383	3376
3383	3395	3388
3395	3405	3399
3405	3415	3410
3415	3424	3419
3424	3435	3429
3435	3448	3442
3448	3460	3455
3460	3472	3463
3472	3485	3480
3485	3492	3489
3492	3504	3496
3504	3523	3508
3523	3536	3528
3536	3539	3535
3539	3550	3544
3550	3564	3556
3564	3573	3568
3573	3585	3581
3585	3591	3588
3591	3606	3597
3606	3619	3609
3619	3628	3624
3628	3638	3632
3638	3647	3643
3647	3660	3654
3660	3670	3666
3670	3682	3674
3682	3692	3686
3692	3701	3696
3701	3709	3706
3709	3722	3713
3722	3736	3727
3736	3746	3739
3746	3753	3749
3753	3767	3762
3767	3774	3771
3774	3787	3780
3787	3798	3793
3798	3806	3801
3806	3824	3815
3824	3838	3829
3838	3847	3843
3847	3853	3850
3853	3860	3856
3860	3873	3866
3873	3890	3886
3890	3896	3894
3896	3907	3903
3907	3914	3910
3914	3923	3918
3923	3938	3927
3938	3950	3942
3950	3973	3962
3973	3983	3976
3983	3990	3987
3990	4006	3994
4006	4016	4010
4016	4027	4020
4027	4052	4038
4052	4061	4057
4061	4086	4071
4086	4103	4090
4103	4111	4107
4111	4123	4118
4123	4130	4126
4130	4136	4132
4136	4150	4146
4150	4167	4162
4167	4179	4174
4179	4202	4197
4202	4216	4207
4216	4222	4219
4222	4240	4233
4240	4251	4243
4251	4260	4256
4260	4269	4264
4269	4282	4278
4282	4295	4290
4295	4309	4300
4309	4323	4319
4323	4335	4330
4335	4351	4343
4351	4371	4363
4371	4380	4375
4380	4395	4386
4395	4411	4400
4411	4418	4416
4418	4430	4424
4430	4449	4439
4449	4456	4453
4456	4470	4466
4470	4476	4473
4476	4490	4481
4490	4503	4500
4503	4513	4508
4513	4519	4516
4519	4530	4524
4530	4541	4537
4541	4552	4548
4552	4558	4555
4558	4575	4566
4575	4584	4580
4584	4591	4587
4591	4603	4595
4603	4611	4607
4611	4633	4625
4633	4638	4635
4638	4654	4642
4654	4668	4659
4668	4683	4680
4683	4696	4688
4696	4709	4705
4709	4720	4714
4720	4733	4725
4733	4744	4737
4744	4760	4749
4760	4767	4764
4767	4788	4779
4788	4798	4791
4798	4808	4804
4808	4817	4812
4817	4827	4824
4827	4835	4831
4835	4851	4847
4851	4857	4853
4857	4863	4863
