1	13
14	37
38	67
68	74
75	111
112	144
145	179
180	192
193	204
205	217
218	226
227	239
240	263
264	288
289	315
316	334
335	358
359	372
373	391
392	402
403	411
412	417
418	432
433	451
452	480
481	492
493	509
510	521
522	534
535	540
541	546
547	552
553	558
559	574
575	583
584	589
590	607
608	619
620	633
634	641
642	655
656	677
678	713
714	732
733	751
752	763
764	771
772	780
781	790
791	800
801	820
821	841
842	851
852	861
862	876
877	884
885	904
905	916
917	924
925	934
935	943
944	953
954	960
961	975
976	996
997	1015
1016	1052
1053	1081
1082	1099
1100	1109
1110	1117
1118	1127
1128	1156
1157	1179
1180	1218
1219	1228
1229	1243
1244	1253
1254	1261
1262	1276
1277	1283
1284	1296
1297	1302
1303	1309
1310	1316
1317	1333
1334	1366
1367	1374
1375	1383
1384	1392
1393	1402
1403	1410
1411	1418
1419	1425
1426	1435
1436	1448
1449	1462
1463	1470
1471	1479
1480	1493
1494	1503
1504	1518
1519	1539
1540	1585
1586	1603
1604	1630
1631	1681
1682	1705
1706	1711
1712	1717
1718	1728
1729	1756
1757	1759
1760	1761
1762	1780
1781	1792
1793	1804
1805	1806
1807	1831
1832	1833
1834	1843
1844	1845
1846	1847
1848	1906
1907	1910
1911	1916
1917	1933
1934	1944
1945	1956
1957	1967
1968	1981
1982	2002
2003	2024
2025	2038
2039	2050
2051	2067
2068	2091
2092	2113
2114	2144
2145	2176
2177	2187
2188	2206
2207	2211
2212	2226
2227	2228
2229	2252
2253	2257
2258	2267
2268	2275
2276	2284
2285	2295
2296	2318
2319	2345
2346	2375
2376	2393
2394	2405
2406	2421
2422	2429
2430	2437
2438	2451
2452	2495
2496	2528
2529	2556
2557	2579
2580	2614
2615	2637
2638	2660
2661	2692
2693	2714
2715	2733
2734	2743
2744	2772
2773	2792
2793	2833
2834	2858
2859	2876
2877	2930
2931	2949
2950	2974
2975	2997
2998	3009
3010	3027
3028	3046
3047	3058
3059	3071
3072	3088
3089	3105
3106	3124
3125	3163
3164	3178
3179	3193
3194	3217
3218	3241
3242	3264
3265	3280
3281	3311
3312	3336
3337	3347
3348	3380
3381	3396
3397	3406
3407	3416
3417	3436
3437	3448
3449	3460
3461	3467
3468	3473
3474	3485
3486	3505
3506	3521
3522	3540
3541	3560
3561	3573
3574	3591
3592	3619
3620	3639
3640	3652
3653	3660
3661	3671
3672	3682
3683	3709
3710	3723
3724	3754
3755	3767
3768	3788
3789	3806
3807	3824
3825	3838
3839	3848
3849	3861
3862	3890
3891	3939
3940	3953
3954	3973
3974	3983
3984	4016
4017	4027
4028	4035
4036	4042
4043	4052
4053	4062
4063	4068
4069	4081
4082	4096
4097	4114
4115	4137
4138	4153
4154	4168
4169	4185
4186	4204
4205	4222
4223	4239
4240	4269
4270	4282
4283	4316
4317	4324
4325	4336
4337	4351
4352	4373
4374	4382
4383	4391
4392	4397
4398	4405
4406	4412
4413	4431
4432	4457
4458	4470
4471	4476
4477	4497
4498	4503
4504	4519
4520	4530
4531	4560
4561	4575
4576	4591
4592	4613
4614	4634
4635	4639
4640	4647
4648	4653
4654	4668
4669	4674
4675	4684
4685	4697
4698	4709
4710	4721
4722	4733
4734	4744
4745	4760
4761	4774
4775	4784
4785	4801
4802	4819
4820	4829
4830	4836
4837	4843
4844	4852
4853	4857
4858	4861
4862	4864
