1	6
7	14
15	31
32	34
35	39
40	68
69	75
76	78
79	111
112	122
123	130
131	139
140	145
146	177
178	179
180	186
187	191
192	198
199	204
205	212
213	217
218	219
220	226
227	232
233	239
240	257
258	263
264	265
266	289
290	297
298	314
315	318
319	333
334	334
335	340
341	360
361	371
372	378
379	391
392	398
399	402
403	408
409	412
413	417
418	425
426	431
432	452
453	472
473	480
481	487
488	492
493	501
502	503
504	509
510	518
519	521
522	528
529	546
547	552
553	558
559	573
574	575
576	581
582	583
584	589
590	591
592	602
603	608
609	619
620	629
630	636
637	641
642	648
649	659
660	671
672	677
678	686
687	716
717	721
722	731
732	739
740	746
747	752
753	757
758	762
763	771
772	776
777	778
779	781
782	790
791	791
792	800
801	801
802	808
809	814
815	821
822	841
842	847
848	852
853	861
862	869
870	876
877	884
885	893
894	903
904	904
905	915
916	916
917	924
925	934
935	937
938	943
944	947
948	949
950	952
953	960
961	966
967	974
975	976
977	984
985	1014
1015	1015
1016	1070
1071	1080
1081	1087
1088	1099
1100	1107
1108	1109
1110	1117
1118	1118
1119	1125
1126	1129
1130	1158
1159	1165
1166	1175
1176	1179
1180	1191
1192	1218
1219	1219
1220	1225
1226	1227
1228	1235
1236	1242
1243	1244
1245	1253
1254	1261
1262	1266
1267	1276
1277	1277
1278	1283
1284	1285
1286	1296
1297	1302
1303	1306
1307	1309
1310	1316
1317	1317
1318	1333
1334	1336
1337	1349
1350	1358
1359	1366
1367	1369
1370	1373
1374	1378
1379	1383
1384	1392
1393	1400
1401	1405
1406	1410
1411	1420
1421	1426
1427	1435
1436	1448
1449	1457
1458	1462
1463	1469
1470	1470
1471	1479
1480	1480
1481	1489
1490	1498
1499	1503
1504	1513
1514	1518
1519	1554
1555	1582
1583	1603
1604	1617
1618	1673
1674	1683
1684	1693
1694	1694
1695	1703
1704	1705
1706	1711
1712	1712
1713	1716
1717	1717
1718	1721
1722	1727
1728	1728
1729	1734
1735	1743
1766	1779
1780	1788
1797	1798
1914	1921
1922	1924
1925	1925
1926	1929
1930	1930
1931	1932
1933	1933
1934	1939
1940	1944
1945	1950
1951	1956
1958	1961
1964	1966
1967	1967
1968	1973
1974	1980
1981	1985
1986	1994
1995	2002
2003	2006
2007	2015
2016	2016
2017	2018
2019	2026
2027	2032
2033	2037
2038	2039
2040	2048
2049	2050
2051	2052
2053	2056
2057	2068
2069	2113
2114	2118
2119	2119
2120	2123
2124	2134
2135	2144
2145	2145
2146	2170
2171	2177
2178	2184
2185	2188
2189	2194
2195	2203
2229	2231
2232	2234
2235	2237
2238	2244
2245	2250
2251	2252
2253	2256
2257	2263
2264	2267
2268	2270
2271	2275
2276	2281
2282	2284
2285	2286
2287	2289
2290	2295
2296	2371
2372	2376
2377	2393
2394	2402
2403	2409
2410	2419
2420	2421
2422	2429
2430	2437
2438	2442
2443	2450
2451	2453
2454	2462
2463	2495
2496	2555
2556	2561
2562	2566
2567	2581
2582	2590
2591	2601
2602	2616
2617	2622
2623	2623
2630	2640
2641	2643
2644	2652
2653	2656
2657	2660
2661	2668
2669	2679
2680	2687
2688	2692
2693	2697
2698	2704
2705	2713
2714	2714
2715	2730
2731	2733
2734	2743
2744	2772
2773	2773
2774	2777
2778	2784
2785	2793
2794	2819
2820	2837
2838	2847
2848	2858
2859	2868
2869	2876
2877	2885
2886	2896
2897	2905
2906	2931
2932	2934
2935	2943
2944	2950
2951	2974
2975	2983
2984	2986
2987	2997
2998	3008
3009	3009
3010	3027
3028	3042
3043	3047
3048	3048
3049	3057
3058	3060
3061	3070
3071	3072
3073	3089
3090	3123
3124	3143
3144	3149
3150	3153
3154	3162
3163	3163
3164	3172
3173	3178
3179	3186
3187	3193
3194	3195
3196	3202
3203	3203
3204	3212
3213	3218
3219	3227
3228	3237
3238	3247
3248	3256
3257	3264
3265	3279
3280	3280
3281	3298
3299	3307
3308	3311
3312	3317
3318	3324
3325	3335
3336	3341
3342	3347
3348	3350
3351	3362
3363	3376
3377	3380
3381	3381
3382	3384
3385	3393
3394	3406
3407	3416
3417	3425
3426	3434
3435	3437
3438	3446
3447	3451
3452	3460
3461	3468
3469	3472
3473	3478
3479	3482
3483	3485
3486	3494
3495	3504
3505	3511
3512	3516
3517	3523
3524	3530
3531	3539
3540	3540
3541	3551
3552	3560
3561	3573
3574	3579
3580	3587
3588	3591
3592	3604
3605	3613
3614	3619
3620	3637
3638	3639
3640	3652
3653	3660
3661	3661
3662	3671
3672	3672
3673	3678
3679	3682
3683	3706
3707	3747
3748	3751
3752	3755
3756	3766
3767	3768
3769	3776
3777	3783
3784	3788
3789	3797
3798	3806
3807	3812
3813	3818
3819	3828
3829	3837
3838	3840
3841	3848
3849	3852
3853	3861
3862	3864
3865	3923
3924	3931
3932	3938
3939	3942
3943	3943
3944	3953
3954	3954
3955	3965
3966	3973
3974	3981
3982	3984
3985	3999
4000	4008
4009	4016
4017	4019
4020	4028
4029	4035
4036	4041
4042	4050
4051	4053
4054	4058
4059	4062
4063	4068
4069	4081
4082	4086
4087	4095
4096	4103
4104	4112
4113	4114
4115	4131
4132	4137
4138	4141
4142	4150
4151	4158
4159	4167
4168	4172
4173	4180
4181	4186
4187	4203
4204	4204
4205	4210
4211	4216
4217	4222
4223	4230
4231	4241
4242	4251
4252	4269
4270	4270
4271	4281
4282	4285
4286	4323
4324	4325
4326	4336
4337	4340
4341	4347
4348	4351
4352	4373
4374	4376
4377	4382
4383	4390
4391	4396
4397	4405
4406	4406
4407	4411
4412	4419
4420	4430
4431	4439
4440	4449
4450	4458
4459	4459
4460	4469
4470	4470
4471	4476
4477	4479
4480	4486
4487	4495
4496	4496
4497	4503
4504	4509
4510	4513
4514	4520
4521	4530
4531	4553
4554	4558
4559	4564
4565	4576
4577	4612
4613	4621
4622	4630
4631	4634
4635	4639
4640	4646
4647	4654
4655	4665
4666	4674
4675	4683
4684	4687
4688	4700
4701	4709
4710	4718
4719	4721
4722	4730
4731	4734
4735	4743
4744	4748
4749	4759
4760	4761
4762	4766
4767	4774
4775	4784
4785	4787
4788	4795
4796	4797
4798	4800
4801	4807
4808	4818
4819	4819
4820	4822
4823	4828
4829	4835
4836	4844
4845	4852
4853	4857
4858	4862
