1	31
32	37
38	67
68	75
76	111
112	144
145	179
180	186
187	192
193	199
200	204
205	212
213	219
220	226
227	232
233	239
240	263
264	315
316	339
340	359
360	371
372	402
403	411
412	417
418	425
426	468
469	480
481	492
493	501
502	509
510	521
522	528
529	540
541	546
547	551
552	558
559	574
575	583
584	589
590	607
608	619
620	641
642	655
656	677
678	731
732	738
739	752
753	763
764	770
771	780
781	790
791	800
801	820
821	841
842	852
853	861
862	869
870	876
877	884
885	904
905	917
918	924
925	934
935	937
938	943
944	951
952	960
961	976
977	1014
1015	1047
1048	1080
1081	1086
1087	1102
1103	1109
1110	1117
1118	1128
1129	1158
1159	1179
1180	1219
1220	1225
1226	1242
1243	1253
1254	1276
1277	1285
1286	1296
1297	1302
1303	1309
1310	1316
1317	1333
1334	1366
1367	1374
1375	1383
1384	1392
1393	1402
1403	1410
1411	1425
1426	1435
1436	1448
1449	1462
1463	1469
1470	1480
1481	1489
1490	1497
1498	1518
1519	1603
1604	1651
1652	1693
1694	1705
1706	1711
1712	1717
1718	1721
1722	1727
1728	1749
1750	1770
1771	1792
1793	1831
1832	1833
1834	1906
1907	1908
1909	1920
1921	1933
1934	1944
1945	1953
1954	1964
1965	1980
1981	1995
1996	2003
2004	2021
2022	2038
2039	2050
2051	2062
2063	2119
2120	2123
2124	2144
2145	2179
2180	2187
2188	2195
2196	2203
2204	2214
2215	2217
2218	2227
2228	2229
2230	2237
2238	2250
2251	2267
2268	2270
2271	2275
2276	2284
2285	2295
2296	2371
2372	2393
2394	2408
2409	2422
2423	2429
2430	2437
2438	2442
2443	2450
2451	2494
2495	2556
2557	2561
2562	2565
2566	2576
2577	2591
2592	2615
2616	2660
2661	2679
2680	2692
2693	2704
2705	2714
2715	2732
2733	2772
2773	2792
2793	2820
2821	2858
2859	2881
2882	2906
2907	2949
2950	2974
2975	2986
2987	3009
3010	3027
3028	3042
3043	3046
3047	3060
3061	3071
3072	3123
3124	3165
3166	3195
3196	3200
3201	3218
3219	3239
3240	3279
3280	3308
3309	3336
3337	3347
3348	3380
3381	3406
3407	3416
3417	3436
3437	3448
3449	3460
3461	3468
3469	3473
3474	3482
3483	3505
3506	3521
3522	3539
3540	3560
3561	3573
3574	3591
3592	3619
3620	3639
3640	3660
3661	3671
3672	3681
3682	3747
3748	3767
3768	3788
3789	3797
3798	3806
3807	3812
3813	3819
3820	3833
3834	3838
3839	3848
3849	3863
3864	3923
3924	3938
3939	3953
3954	3965
3966	3983
3984	4016
4017	4028
4029	4035
4036	4041
4042	4052
4053	4063
4064	4068
4069	4081
4082	4096
4097	4137
4138	4157
4158	4167
4168	4183
4184	4226
4227	4270
4271	4282
4283	4324
4325	4336
4337	4340
4341	4347
4348	4351
4352	4373
4374	4378
4379	4383
4384	4385
4386	4391
4392	4395
4396	4405
4406	4408
4409	4411
4412	4457
4458	4470
4471	4476
4477	4497
4498	4503
4504	4513
4514	4530
4531	4558
4559	4575
4576	4612
4613	4630
4631	4634
4635	4639
4640	4642
4643	4646
4647	4653
4654	4668
4669	4684
4685	4697
4698	4709
4710	4721
4722	4733
4734	4743
4744	4760
4761	4766
4767	4768
4769	4774
4775	4784
4785	4801
4802	4807
4808	4819
4820	4823
4824	4828
4829	4836
4837	4843
4844	4846
4847	4852
4853	4857
4858	4864
