2	107025000	107075000	0.259290052209386	0.529185560974907
2	237975000	238025000	0.194603556125094	0.503603724892795
2	20825000	20875000	0.144836250414595	0.462625256008249
2	114175000	114225000	0.129307666700657	0.444217149417903
2	171725000	171775000	0.1268288422491	0.456212342754774
2	217525000	217575000	0.12419641790069	0.449906507008976
2	42025000	42075000	0.123865843051472	0.442867511284331
2	150425000	150475000	0.123703385867119	0.458329982979109
2	1825000	1875000	0.117625439610625	0.428182957724201
2	70475000	70525000	0.115448307346015	0.443298277855776
2	1525000	1575000	0.113204175270623	0.428572576517295
2	190275000	190325000	0.110039805314695	0.432327766259322
2	106675000	106725000	0.109565390009198	0.392392708053645
2	200775000	200825000	0.108930243826808	0.438772951622746
2	112475000	112525000	0.107808637618394	0.43465586167333
2	218625000	218675000	0.106608263089952	0.426641497942307
2	66625000	66675000	0.104778616966799	0.443260362119505
2	43025000	43075000	0.104707356704632	0.433805832517691
2	30925000	30975000	0.102684287110718	0.43531782858974
2	121425000	121475000	0.101788199806767	0.431430369483482
2	192375000	192425000	0.101119340134711	0.427292824892558
2	236025000	236075000	0.100866321658995	0.432381998917212
2	235425000	235475000	0.0985750521460662	0.430358011225693
2	33825000	33875000	0.0982582272035256	0.438219567047151
2	11575000	11625000	0.0982496203909099	0.423117556167099
2	134575000	134625000	0.0977862062496712	0.427307283257947
2	177975000	178025000	0.0977616477957531	0.426549901608572
2	159725000	159775000	0.0974927422637571	0.421446848110658
2	65775000	65825000	0.0974788369220625	0.420571310895674
2	68275000	68325000	0.0937056929282899	0.413702909879014
2	65075000	65125000	0.0926639697572115	0.417432394747182
2	30325000	30375000	0.0924855318186925	0.419659392030098
2	189825000	189875000	0.0909872341837334	0.418275282696709
2	148675000	148725000	0.090862114381677	0.424336305016988
2	27875000	27925000	0.090300854072804	0.421459231198919
2	43425000	43475000	0.0902324889329504	0.415168557935759
2	153575000	153625000	0.0897913176981609	0.427177663884629
2	226475000	226525000	0.088922322518068	0.416813444252344
2	121825000	121875000	0.088330259641805	0.41566149599625
2	152325000	152375000	0.0863513006159477	0.418027281606359
2	216775000	216825000	0.0859056144416301	0.415493031755291
2	118525000	118575000	0.0857480494567445	0.416133968126529
2	122475000	122525000	0.0856869384440518	0.414410574273312
2	107225000	107275000	0.0851917328109572	0.383054221798089
2	47525000	47575000	0.0843467487538969	0.409246801664435
2	230575000	230625000	0.0841130255527265	0.419204857617312
2	163175000	163225000	0.0837955614301772	0.419797313275975
2	43775000	43825000	0.083685855853669	0.409389819914936
2	106825000	106875000	0.0832572014652715	0.356122742342554
2	47975000	48025000	0.0832400264867763	0.413997122153433
2	62625000	62675000	0.0830493274925428	0.413117748020281
2	216175000	216225000	0.0830092942632754	0.417039360216483
2	85825000	85875000	0.0828090323866873	0.402449409358988
2	36525000	36575000	0.0827647701318087	0.420410975805227
2	75925000	75975000	0.0826030305606189	0.411871406830512
2	85525000	85575000	0.0822418112918624	0.403619450948776
2	11925000	11975000	0.0821374830955153	0.41570353094917
2	172975000	173025000	0.0818925464806024	0.411848260386942
2	96625000	96675000	0.0813436159973475	0.406559929315846
2	114725000	114775000	0.0812527205035155	0.40989707208305
2	196925000	196975000	0.081234140198199	0.407421614293997
2	201725000	201775000	0.0811580610892172	0.411736599281984
2	55875000	55925000	0.0807544756732205	0.400292983170646
2	55425000	55475000	0.0807496413299548	0.404059673077216
2	10925000	10975000	0.0806558918875167	0.404517529089148
2	143725000	143775000	0.0805669946538757	0.414274174127894
2	222425000	222475000	0.0802887238109868	0.416722700446928
2	20075000	20125000	0.0800570626003155	0.411874429333177
2	198225000	198275000	0.0800268142199207	0.40783057193353
2	138575000	138625000	0.0798335731052581	0.415090435542143
2	189375000	189425000	0.0797036268984716	0.414893922232865
2	38125000	38175000	0.0795262921995474	0.405751748976749
2	187325000	187375000	0.0794226692746125	0.410814803206235
2	13175000	13225000	0.0792893295599851	0.411232621515112
2	220575000	220625000	0.0791307025577286	0.422284238104715
2	225625000	225675000	0.0785689762736727	0.397428978401772
2	231875000	231925000	0.0782606685735442	0.407996892704017
2	10175000	10225000	0.0780913059789974	0.404206297741034
2	208325000	208375000	0.0777683574845264	0.407731099453833
2	182575000	182625000	0.0774671522720916	0.406266137823656
2	223475000	223525000	0.0774213109811324	0.402687865846651
2	101575000	101625000	0.0764810520944758	0.40450536706443
2	29125000	29175000	0.0759620833575499	0.398368428531765
2	53975000	54025000	0.0753340602425289	0.412571804274499
2	176925000	176975000	0.0752040489094908	0.4066003185768
2	86375000	86425000	0.0751773802683377	0.404279475303371
2	183525000	183575000	0.0751250308115257	0.404482621803736
2	47625000	47675000	0.0749074467117655	0.401203434475761
2	105925000	105975000	0.0748472153931842	0.404022723647791
2	152075000	152125000	0.0745689613183715	0.406300189691603
2	175175000	175225000	0.0744225575565593	0.404254881481405
2	11225000	11275000	0.0743505003042512	0.396579259259268
2	19525000	19575000	0.074211820789187	0.408792260366428
2	46175000	46225000	0.0741824529792556	0.402511837916139
2	10525000	10575000	0.074110407576599	0.400149215773715
2	122075000	122125000	0.074101307270581	0.40080209601566
2	106125000	106175000	0.0736209223394218	0.392974756663473
2	170275000	170325000	0.07310326431869	0.407865222614371
2	15725000	15775000	0.073019125513775	0.416077014238256
2	225125000	225175000	0.0729663004364527	0.395833512446331
2	109725000	109775000	0.0726501585371743	0.405254285450831
2	236675000	236725000	0.0724778229304782	0.407839881841535
2	135675000	135725000	0.0724766793567185	0.41016494089477
2	135175000	135225000	0.0724130072170734	0.410519892037425
2	73425000	73475000	0.0723564362879601	0.401517051752871
2	56225000	56275000	0.0722343140573904	0.396971462527376
2	239175000	239225000	0.0721814697394386	0.416350197361699
2	20525000	20575000	0.072056266226541	0.393919571550709
2	62075000	62125000	0.0720275487563866	0.405346155436973
2	65425000	65475000	0.0715022420433933	0.39256279783359
2	12825000	12875000	0.0714788077081147	0.400352230008993
2	68675000	68725000	0.071448123892401	0.393636145894682
2	99225000	99275000	0.0712144132537395	0.403539257414869
2	227625000	227675000	0.071207432107957	0.405933520595073
2	102475000	102525000	0.0710298653728654	0.402910875406257
2	224825000	224875000	0.0709571986324042	0.401820516479068
2	203425000	203475000	0.0708921125267842	0.401430120616669
2	45825000	45875000	0.0705691463718114	0.401968830324265
2	23975000	24025000	0.0704292152584253	0.40855665730034
2	61225000	61275000	0.0702089416568485	0.400821420099588
2	173325000	173375000	0.0688297207963037	0.392665212390946
2	157425000	157475000	0.0687822916468767	0.401430235219058
2	80125000	80175000	0.0684172181654399	0.406490897150527
2	73925000	73975000	0.0682860704808448	0.398123981275859
2	69525000	69575000	0.0682859188882016	0.400026254176615
2	174075000	174125000	0.0674553127790175	0.392697114202283
2	50725000	50775000	0.0673457405582749	0.409979108505095
2	42275000	42325000	0.0673077063251419	0.387244768596464
2	188325000	188375000	0.0672981512515018	0.406580861066472
2	69125000	69175000	0.0669629041767326	0.39571480994981
2	42575000	42625000	0.0666431306294453	0.393637943579653
2	175825000	175875000	0.0662409203630469	0.392736060324459
2	29425000	29475000	0.0662394637790051	0.390275322452647
2	231675000	231725000	0.0659498511250703	0.395672069705858
2	47125000	47175000	0.0659289762827647	0.394765519398057
2	38475000	38525000	0.0658013068754502	0.393490390303458
2	241375000	241425000	0.065776605303774	0.397179400960626
2	206525000	206575000	0.0653984774360845	0.40567733459657
2	101825000	101875000	0.0652323597090113	0.395772110522666
2	202625000	202675000	0.0650875859552013	0.394120868022319
2	209225000	209275000	0.0650701022936125	0.403637394388095
2	200325000	200375000	0.0647687343968217	0.399529533927469
2	182975000	183025000	0.0647138639614632	0.391826486731213
2	197625000	197675000	0.0646817683968937	0.38873822341509
2	28625000	28675000	0.0646390175682017	0.397195814042699
2	60875000	60925000	0.0645597282685553	0.400501266639328
2	96425000	96475000	0.0642051742778867	0.389862324882875
2	10825000	10875000	0.064172735718595	0.388578665669097
2	151275000	151325000	0.0641451034722877	0.403781680951417
2	111825000	111875000	0.0637086360456012	0.388968939418626
2	25425000	25475000	0.0636209257016512	0.392168579055715
2	71725000	71775000	0.063305686760565	0.398798075868873
2	220225000	220275000	0.0632850338762487	0.39839641017676
2	63775000	63825000	0.0628788689657567	0.385281275939975
2	208575000	208625000	0.0626845742559748	0.392863610806978
2	113725000	113775000	0.062581510015485	0.385498188134823
2	213425000	213475000	0.0625680371324835	0.398754755515221
2	44225000	44275000	0.0624149935256172	0.393358752214566
2	8925000	8975000	0.0623419510392961	0.396022287399542
2	3725000	3775000	0.0620516739893303	0.401767844290829
2	232675000	232725000	0.0618786188015912	0.394774786119036
2	86025000	86075000	0.0616046788118069	0.383613982739642
2	234125000	234175000	0.0616038080532917	0.397496494356756
2	232275000	232325000	0.0615098866390235	0.393083264758961
2	98975000	99025000	0.0613463797559501	0.390514481522866
2	27575000	27625000	0.0612175045304713	0.390301083555283
2	158875000	158925000	0.0608055898348923	0.386337460928815
2	223775000	223825000	0.0607749278631453	0.386871476265225
2	39475000	39525000	0.0607461726718613	0.392459021399607
2	162275000	162325000	0.0607318421060791	0.39784924422246
2	216925000	216975000	0.0607142687040382	0.389524678489047
2	175575000	175625000	0.0607072130178363	0.387788452426737
2	121075000	121125000	0.0606321894136487	0.395102978331382
2	173625000	173675000	0.0606002594994384	0.384654188156336
2	100825000	100875000	0.0604257322653103	0.395961329484054
2	75625000	75675000	0.0600227981838224	0.384311688100557
2	191875000	191925000	0.0599065008038991	0.396926541074564
2	149825000	149875000	0.0597730114568927	0.39317988624358
2	201325000	201375000	0.0597635519676856	0.388706707014772
2	161825000	161875000	0.0596184308341904	0.397989105728048
2	239925000	239975000	0.059429456235952	0.388673188317487
2	74825000	74875000	0.0593506249876009	0.384482914917816
2	9925000	9975000	0.0593281720888757	0.384517844402929
2	56375000	56425000	0.0591657855026634	0.390777807945135
2	167025000	167075000	0.0589706599314874	0.388871490457568
2	73075000	73125000	0.058892700176097	0.393628993725638
2	8825000	8875000	0.0587656907213719	0.394785219710897
2	238275000	238325000	0.0585836743715683	0.375769454024317
2	97775000	97825000	0.0583788556783106	0.385403620815378
2	70075000	70125000	0.0581926537480048	0.387684151203825
2	46825000	46875000	0.0579559934795725	0.389543538720379
2	119625000	119675000	0.0576770894459939	0.394026115089508
2	240325000	240375000	0.0576043207505618	0.389846851375586
2	64725000	64775000	0.0574704902807396	0.388511801479165
2	198625000	198675000	0.0571854658253837	0.391493272470206
2	217325000	217375000	0.0571806264368669	0.383922870864414
2	26375000	26425000	0.0571189127142594	0.388755544472526
2	158125000	158175000	0.0569023474120924	0.390390234885683
2	167325000	167375000	0.0568957804510712	0.386375531230759
2	29025000	29075000	0.0568334175247516	0.378502087203545
2	67425000	67475000	0.0566133411157805	0.387740091027533
2	180925000	180975000	0.0565198448720434	0.398751544142556
2	9225000	9275000	0.0564374940041087	0.383100252476518
2	88975000	89025000	0.0564104397678305	0.386798448966784
2	9525000	9575000	0.0563999029720169	0.380109064169297
2	25025000	25075000	0.0563961609706086	0.388707177232579
2	127775000	127825000	0.0561468613159865	0.391905425900275
2	32025000	32075000	0.0561261423491569	0.392949949247704
2	38975000	39025000	0.0560706135810895	0.385876435722017
2	202025000	202075000	0.0560005973553164	0.388213279099854
2	118775000	118825000	0.0559547400621544	0.386047619092262
2	218925000	218975000	0.055735682830429	0.38130722029917
2	197175000	197225000	0.0555654946146905	0.37831366528668
2	139575000	139625000	0.0552965260064021	0.397765656106984
2	240025000	240075000	0.0552707561224023	0.384350548532006
2	113325000	113375000	0.0551299428775582	0.387380161129844
2	96525000	96575000	0.0549793636594911	0.380416095621235
2	98375000	98425000	0.0547946591182484	0.378755986016259
2	181925000	181975000	0.0547216746044751	0.397413203437619
2	147425000	147475000	0.0544879230168096	0.398359413517734
2	60775000	60825000	0.0544787390119831	0.393560042359991
2	106325000	106375000	0.0544376543082913	0.360509119076123
2	54925000	54975000	0.0543135152959833	0.388943247526727
2	75125000	75175000	0.0543064802364443	0.378261062843768
2	21225000	21275000	0.0542944571621938	0.380320920067122
2	18525000	18575000	0.0542863384419229	0.388813330718561
2	37575000	37625000	0.0542368176600245	0.388544480827753
2	203075000	203125000	0.0541703793859217	0.382906918755359
2	159275000	159325000	0.0541626740356765	0.378952067366295
2	240925000	240975000	0.0541197577354543	0.391161592073105
2	101175000	101225000	0.0540461375354773	0.383521242348199
2	225975000	226025000	0.0538932719938752	0.3764719704304
2	206775000	206825000	0.0538855922328041	0.393077700059181
2	67875000	67925000	0.0537806655963697	0.379015309822872
2	210825000	210875000	0.0534046352368883	0.379865093765651
2	74375000	74425000	0.0527554627009565	0.381721751178317
2	100125000	100175000	0.0526035132859486	0.395544197975422
2	210425000	210475000	0.052571615148834	0.377534665214395
2	113475000	113525000	0.0525404578418291	0.384212727741736
2	222825000	222875000	0.0524579196824549	0.383414866056924
2	62975000	63025000	0.052260196834772	0.380122921855102
2	202875000	202925000	0.0521911948411979	0.379089056373878
2	66775000	66825000	0.0520475175967101	0.391685086831602
2	196525000	196575000	0.0519720897499411	0.386576800167752
2	238675000	238725000	0.0519343827814454	0.391974364311535
2	211075000	211125000	0.0518862534106674	0.382744692780158
2	228175000	228225000	0.0516202199998017	0.390643491563984
2	190625000	190675000	0.0515579265754493	0.384303441072334
2	214075000	214125000	0.0514733817492755	0.389634827694404
2	63275000	63325000	0.0513988427070862	0.377213948460124
2	152425000	152475000	0.051346742887289	0.386287631864565
2	169775000	169825000	0.0511781794231969	0.387696548261753
2	189925000	189975000	0.051017300564389	0.373915016095224
2	128225000	128275000	0.0509092398159861	0.386369779334412
2	25175000	25225000	0.0508242825125743	0.378885911133202
2	40075000	40125000	0.0508037673085198	0.385372903692921
2	85225000	85275000	0.0506197732535119	0.379025328712951
2	54325000	54375000	0.0505878109611499	0.385784712776664
2	204325000	204375000	0.05022841139677	0.380543164788802
2	85125000	85175000	0.0502174973918407	0.380965691452121
2	208925000	208975000	0.050157526715415	0.38376973153322
2	204675000	204725000	0.0501059744726879	0.386373771633155
2	162775000	162825000	0.0499198884904487	0.385644765298522
2	112775000	112825000	0.0496032269316238	0.376767803402374
2	163975000	164025000	0.0495074708358373	0.3944083444633
2	188425000	188475000	0.0493438560384011	0.387023083035033
2	133925000	133975000	0.049330322609037	0.3853826746658
2	114475000	114525000	0.0489431886628863	0.368018529271117
2	149225000	149275000	0.0488572549304671	0.38187100439644
2	210175000	210225000	0.0486239321273973	0.38130456550071
2	176175000	176225000	0.04848288706302	0.376537477385399
2	178625000	178675000	0.0483685349143256	0.38635092096652
2	48825000	48875000	0.0483618517358437	0.385520983747219
2	196775000	196825000	0.0483321204475215	0.37824962782184
2	143375000	143425000	0.0482538314485244	0.381322241303038
2	64225000	64275000	0.0481909184076526	0.383065090550942
2	153025000	153075000	0.0480758224895168	0.382083045118114
2	174725000	174775000	0.0480682880136769	0.379374781362904
2	64125000	64175000	0.047968527749118	0.377307962020168
2	134275000	134325000	0.047923977470119	0.377371778207029
2	166725000	166775000	0.0478917251299438	0.385577386484697
2	39975000	40025000	0.0476756381290683	0.381285570445165
2	109325000	109375000	0.0475683985843688	0.384554031649936
2	101325000	101375000	0.0475068437418372	0.374384594666264
2	152825000	152875000	0.047361075639604	0.385100039429405
2	172275000	172325000	0.0472184077078128	0.386604466092347
2	95975000	96025000	0.0471646273079439	0.373723177786102
2	218325000	218375000	0.047123502245203	0.368704970076448
2	177525000	177575000	0.0471205920806529	0.378002419688797
2	6975000	7025000	0.0471202454602217	0.38676467562915
2	242125000	242175000	0.0470897698693153	0.384043693312627
2	17975000	18025000	0.0470329108390738	0.383400296287269
2	219025000	219075000	0.047004484895695	0.376784301768324
2	241075000	241125000	0.0469664310120534	0.380790447687537
2	40675000	40725000	0.0469483399796927	0.378704713903051
2	3325000	3375000	0.0468763495627052	0.379512524394289
2	46675000	46725000	0.0467972633761514	0.377178886747019
2	184075000	184125000	0.0467717634350286	0.387952031999035
2	27275000	27325000	0.0467582695403706	0.379728087994907
2	46575000	46625000	0.0463066435012342	0.375884318958809
2	96925000	96975000	0.0461124361932384	0.374403700196201
2	45175000	45225000	0.045986303550195	0.387823541694552
2	231475000	231525000	0.0459161267646047	0.376614638706083
2	238375000	238425000	0.0458537942005673	0.371221302939608
2	97175000	97225000	0.0458486076210924	0.37825908328369
2	57875000	57925000	0.0457619299830339	0.388081696388533
2	38725000	38775000	0.0456343212784636	0.374368852314191
2	193025000	193075000	0.0455894436093465	0.382076590213773
2	120925000	120975000	0.045587330709934	0.382646091251482
2	241775000	241825000	0.0455271538328753	0.379054207205819
2	48325000	48375000	0.0453086793432706	0.379960664133336
2	128025000	128075000	0.0450413523861163	0.378062197382947
2	160625000	160675000	0.0449167894265891	0.38368270101635
2	40975000	41025000	0.0448524939817737	0.373774488862799
2	169125000	169175000	0.044840672446148	0.381362335200979
2	16975000	17025000	0.044641300914837	0.38324449800223
2	190925000	190975000	0.044459263269309	0.381036652510028
2	180625000	180675000	0.0444518461615279	0.382048734428599
2	102575000	102625000	0.0443031261959121	0.371991436592901
2	187525000	187575000	0.0442105359766221	0.374882568444
2	237075000	237125000	0.0441416720425509	0.377663737276604
2	170775000	170825000	0.0441085375814313	0.377045717202477
2	172375000	172425000	0.0440669703835602	0.386524657582529
2	61375000	61425000	0.043937215527906	0.378330222743225
2	165825000	165875000	0.043889354300757	0.381952191859817
2	24575000	24625000	0.0438471560308807	0.379944235170921
2	108775000	108825000	0.0437657432226872	0.383602517988705
2	68525000	68575000	0.0437140745087907	0.363409192343088
2	16675000	16725000	0.0436971318629754	0.379760389157735
2	130825000	130875000	0.0436870982262584	0.379000903370971
2	149375000	149425000	0.0436521230572904	0.376933873647451
2	176025000	176075000	0.0434246687852469	0.37081092323864
2	192675000	192725000	0.0434184771845892	0.37196191373047
2	129075000	129125000	0.0433336704033591	0.380742404443449
2	205175000	205225000	0.0431263442919663	0.383464193831879
2	48625000	48675000	0.0430909064500218	0.379552877582658
2	174225000	174275000	0.0428807862177483	0.369522131931621
2	120425000	120475000	0.0428617527201061	0.383842794194792
2	199175000	199225000	0.0427960059217797	0.386046879847021
2	132525000	132575000	0.04270686371612	0.383474070807494
2	65275000	65325000	0.0426568513237537	0.365306493913854
2	168775000	168825000	0.0425475300845047	0.378376173653845
2	173875000	173925000	0.0425402217228764	0.366776181264986
2	74675000	74725000	0.0424393961656213	0.368849685611552
2	233375000	233425000	0.0423560841977969	0.389016204484818
2	204775000	204825000	0.0422080981880776	0.384490954310828
2	84625000	84675000	0.0421750891217078	0.383666132766615
2	227825000	227875000	0.0421456453522245	0.376559415490344
2	176525000	176575000	0.0421113423318405	0.371725383015187
2	44575000	44625000	0.0420181927972866	0.378873214534214
2	179325000	179375000	0.0419707153317274	0.375192384319548
2	211275000	211325000	0.041905823099271	0.378129100768664
2	131725000	131775000	0.0417032657583952	0.368121497959806
2	190475000	190525000	0.041684230357442	0.369947936189073
2	99725000	99775000	0.0416694908120712	0.381624156915632
2	202475000	202525000	0.0415122954634874	0.373600336983421
2	219525000	219575000	0.0414358684472924	0.378626049177386
2	232425000	232475000	0.0414089566299294	0.373478380698932
2	69925000	69975000	0.0411534885681614	0.373339082005439
2	132975000	133025000	0.0410971439096628	0.380439022806322
2	97025000	97075000	0.0410780831887956	0.371017031855612
2	203725000	203775000	0.0410112837619553	0.371474873619223
2	136475000	136525000	0.0409810916989282	0.388149258181151
2	68875000	68925000	0.040920109841585	0.366432004067845
2	131075000	131125000	0.04075436060829	0.369682887120768
2	145275000	145325000	0.0406852352005437	0.387918646522289
2	204075000	204125000	0.0403781366053758	0.370754905191256
2	171225000	171275000	0.0402046690197794	0.371458526954596
2	178925000	178975000	0.0400797374587817	0.37469356285034
2	55075000	55125000	0.0399198783334754	0.37023709953556
2	196175000	196225000	0.0398906041086939	0.379629847639176
2	179925000	179975000	0.0397828402606897	0.373705606672304
2	233675000	233725000	0.039709821191321	0.379845002260843
2	24275000	24325000	0.0395174490734861	0.375151203450253
2	72375000	72425000	0.0395168854241296	0.382186397063683
2	102825000	102875000	0.0395101295162488	0.368314735876887
2	2475000	2525000	0.0394875427261109	0.359612478750823
2	33475000	33525000	0.0393701496092976	0.377103601058284
2	61725000	61775000	0.039333032671109	0.376525877276742
2	217975000	218025000	0.0392824040557779	0.362670143695728
2	130725000	130775000	0.0390983992919129	0.376580959387258
2	236475000	236525000	0.0390083846568117	0.372772431306195
2	242575000	242625000	0.0389645427413975	0.385082963946787
2	239675000	239725000	0.0389450856142868	0.371759154875936
2	127525000	127575000	0.0387974778387952	0.377293762010542
2	180225000	180275000	0.0387390970850857	0.373012412208597
2	157175000	157225000	0.0387350464961635	0.374756825619403
2	228725000	228775000	0.0387114208007058	0.383135716488764
2	160025000	160075000	0.0386911675631371	0.365735126982916
2	26025000	26075000	0.0386541291915143	0.37000289151383
2	2225000	2275000	0.0386486210548675	0.355093780959912
2	23575000	23625000	0.0385418884426424	0.382114556084991
2	44075000	44125000	0.0385414203450597	0.367738580824782
2	129475000	129525000	0.0384225047539186	0.376316849130047
2	36875000	36925000	0.0384204143081474	0.379953451277934
2	207925000	207975000	0.0383787751304704	0.372378751175298
2	168975000	169025000	0.0383638414541614	0.374044403498178
2	98625000	98675000	0.0382489861709039	0.364379802597625
2	30025000	30075000	0.0382251080745089	0.364352967773327
2	88825000	88875000	0.0381317122746355	0.37210710583336
2	18925000	18975000	0.0380611812709836	0.374867868879712
2	101025000	101075000	0.0379466117812178	0.370019070482234
2	207825000	207875000	0.0378194650036126	0.373924575918879
2	214625000	214675000	0.0377186057696777	0.379283258962117
2	165375000	165425000	0.0375152305245673	0.38092604816897
2	185425000	185475000	0.037473641038892	0.378776565864131
2	132825000	132875000	0.0373505268707351	0.376929680007354
2	160925000	160975000	0.0373330668956134	0.38020877580388
2	158575000	158625000	0.0370809806011319	0.364363141030891
2	27025000	27075000	0.0370481752736199	0.37325652658626
2	158725000	158775000	0.0369363012392304	0.362746601494392
2	86625000	86675000	0.0369132302811451	0.372660445179363
2	183875000	183925000	0.0368938646476998	0.371784804359763
2	32975000	33025000	0.0368277582476223	0.376998702158531
2	227025000	227075000	0.0367655062997221	0.370500293661524
2	55175000	55225000	0.036704801073396	0.364147014923042
2	47375000	47425000	0.0366959700979204	0.361088825664704
2	158475000	158525000	0.0366618692785853	0.365323080162529
2	230775000	230825000	0.0365725983813867	0.370688137085282
2	136625000	136675000	0.0365221846597025	0.383142324160481
2	160125000	160175000	0.0364271368828014	0.365716618125325
2	166175000	166225000	0.0362586382839367	0.376623400104688
2	207025000	207075000	0.0362577987854804	0.37969552905001
2	139125000	139175000	0.0361214940471012	0.371251662396914
2	71225000	71275000	0.0360594653223661	0.377150443952933
2	2375000	2425000	0.0357704030466044	0.35442342862345
2	68025000	68075000	0.03571181620641	0.358982425204496
2	132625000	132675000	0.0356258342631265	0.375878105790443
2	625000	675000	0.03557074068807	0.37539560228614
2	2575000	2625000	0.0354896868868406	0.35708653335942
2	219725000	219775000	0.0353359105460174	0.371669821290456
2	14775000	14825000	0.0353329819915472	0.37216910766048
2	97475000	97525000	0.0353199856027549	0.367582909087363
2	75275000	75325000	0.0352530804400344	0.359307955240182
2	41625000	41675000	0.0350104164418785	0.357791256731182
2	3125000	3175000	0.034922541447537	0.364614895383386
2	215675000	215725000	0.0349007487451002	0.375969568210284
2	197925000	197975000	0.0348823104620403	0.359810955044375
2	64525000	64575000	0.0348309568449557	0.370556067451933
2	224675000	224725000	0.0348076847318087	0.369669055496865
2	128625000	128675000	0.0346839333648045	0.377259238432231
2	108925000	108975000	0.0346799032959993	0.374460327884263
2	242275000	242325000	0.034635778111164	0.373562406624601
2	187675000	187725000	0.0345614603461255	0.372016214254981
2	220375000	220425000	0.0345400540156591	0.371557836173016
2	217875000	217925000	0.0344556248884585	0.358359442188039
2	25925000	25975000	0.0343793139480809	0.366134115637555
2	191975000	192025000	0.0343103559222635	0.369161085090365
2	120075000	120125000	0.0342018338717716	0.372988966296098
2	107425000	107475000	0.0341728213658057	0.360002290574548
2	165525000	165575000	0.0339021308687276	0.375530288484683
2	72975000	73025000	0.0338791394188178	0.370899887828619
2	103475000	103525000	0.0337201172438283	0.379134208759089
2	21525000	21575000	0.0337148036280557	0.36591935951644
2	169575000	169625000	0.0337056018238046	0.370926534879511
2	40425000	40475000	0.0335440798951231	0.367662436353759
2	86925000	86975000	0.0334607507168616	0.3760172879197
2	220025000	220075000	0.0334309147231475	0.367797356004782
2	11775000	11825000	0.0334166966581591	0.3632549821929
2	231025000	231075000	0.033405934301087	0.366301106304119
2	103075000	103125000	0.0333305615499201	0.370983493910644
2	37875000	37925000	0.0333114333669318	0.359974612697487
2	43175000	43225000	0.0332343792990874	0.360771952558302
2	58975000	59025000	0.0331887835542822	0.369386432599453
2	6425000	6475000	0.033169385766368	0.371015731858255
2	174925000	174975000	0.0330209366157394	0.364572688363051
2	37275000	37325000	0.0330142719875007	0.374966418992403
2	224275000	224325000	0.0330047970178172	0.366245214779421
2	99925000	99975000	0.032859373108132	0.375865967988665
2	219825000	219875000	0.0327561058393864	0.367920048097704
2	162125000	162175000	0.0326892670095154	0.370224426718389
2	170625000	170675000	0.0326238909250908	0.366122177774879
2	226725000	226775000	0.0325837698110281	0.36313110319418
2	133375000	133425000	0.0323374786315202	0.375327307133028
2	223975000	224025000	0.0322719010930586	0.361225997238948
2	208475000	208525000	0.0322503982971385	0.362342917015463
2	20275000	20325000	0.0322397780862941	0.361770163483378
2	227975000	228025000	0.032228311067831	0.36861758181712
2	118925000	118975000	0.0321554632946464	0.363453218933531
2	32375000	32425000	0.0321117571009879	0.376686512439379
2	209075000	209125000	0.0319904305119671	0.368080178968111
2	237625000	237675000	0.0319892843277104	0.35052574616566
2	17825000	17875000	0.0319718871430406	0.374402472205416
2	122275000	122325000	0.031913480522698	0.358109911180284
2	201125000	201175000	0.031875186341769	0.360448435807496
2	237425000	237475000	0.0318416796536082	0.355827451817414
2	25775000	25825000	0.0317960346024408	0.364159895342653
2	144025000	144075000	0.0316695660318372	0.371161052102361
2	168075000	168125000	0.0315717391413705	0.372362090038448
2	105425000	105475000	0.031564127844127	0.376642081860966
2	18675000	18725000	0.031556061511386	0.367666606204008
2	18325000	18375000	0.0315461851809216	0.363961774236248
2	142875000	142925000	0.0314862005154475	0.37018806956683
2	111525000	111575000	0.0311954643348311	0.357255885215318
2	39225000	39275000	0.0310815672180499	0.361997445710401
2	44675000	44725000	0.0310731095071022	0.370010463663405
2	161925000	161975000	0.0310518826908379	0.369144052523034
2	58475000	58525000	0.0309188176160392	0.366581418957359
2	6075000	6125000	0.0306946506331942	0.369386108044654
2	63425000	63475000	0.0306025710589967	0.355393867178389
2	191625000	191675000	0.0305695285176644	0.370350287962573
2	189125000	189175000	0.0305571914732379	0.368745552245619
2	75375000	75425000	0.0304816579783912	0.354603394240421
2	238475000	238525000	0.0304512836630408	0.364000521488374
2	162025000	162075000	0.0303152454542354	0.36812891022477
2	31725000	31775000	0.0302742245160093	0.368384192789233
2	128775000	128825000	0.0301099770675059	0.370963091792487
2	234375000	234425000	0.0300307517533711	0.369727512142571
2	161325000	161375000	0.0300162728753946	0.374987323799769
2	49125000	49175000	0.0300136375325659	0.370104735958156
2	137175000	137225000	0.029977063226009	0.377607759220252
2	7175000	7225000	0.0299031014867077	0.371565503822119
2	97625000	97675000	0.0298079611690635	0.359451805479902
2	71325000	71375000	0.0297515120887398	0.3687484058333
2	227275000	227325000	0.0296897934767864	0.366080792487464
2	178175000	178225000	0.0296655137677263	0.359778859195144
2	2675000	2725000	0.0296295610392373	0.352698317959684
2	201575000	201625000	0.0295663731789795	0.359330138995949
2	105625000	105675000	0.0295114947795433	0.368228470491489
2	178275000	178325000	0.0294948782618673	0.363654122782032
2	193175000	193225000	0.0294370709027197	0.369328664675095
2	48125000	48175000	0.0294146726807414	0.361841006543144
2	181825000	181875000	0.0293492630464949	0.372940383747219
2	70875000	70925000	0.029336882798479	0.364470258660334
2	233175000	233225000	0.0292674559479936	0.376852184703825
2	41475000	41525000	0.0292358943317848	0.353433924142255
2	119275000	119325000	0.0291920582326501	0.363301192625348
2	58725000	58775000	0.0291365236011227	0.365066648794368
2	102275000	102325000	0.0291191597219309	0.364186695054245
2	14525000	14575000	0.028945651342363	0.365980793748878
2	153175000	153225000	0.0287609376120994	0.359969354369794
2	41375000	41425000	0.0287430690018027	0.353885891826384
2	138875000	138925000	0.0286834543886184	0.359736421765782
2	234775000	234825000	0.0285670618593735	0.367713976210844
2	25575000	25625000	0.0285529937025291	0.360419596884257
2	130575000	130625000	0.0285440046644507	0.369279697185744
2	197425000	197475000	0.02850693790116	0.351981933209932
2	232075000	232125000	0.0284190215392034	0.359159550129735
2	100675000	100725000	0.028408283303283	0.366541234410321
2	146525000	146575000	0.0283251178735527	0.376402448611141
2	1125000	1175000	0.0282500766172034	0.362335141343602
2	80475000	80525000	0.0281195998602344	0.369175510121448
2	191175000	191225000	0.0280761862949949	0.365708578411129
2	2875000	2925000	0.0279467273049531	0.353959305121134
2	161125000	161175000	0.0277981671136522	0.373413740900922
2	133275000	133325000	0.02776544343199	0.369201182395574
2	160225000	160275000	0.0276749433933164	0.359209946458585
2	103325000	103375000	0.0275379607452567	0.370841137883266
2	15275000	15325000	0.0274894444682262	0.36825314599477
2	3875000	3925000	0.0274660446921995	0.370284345924333
2	80775000	80825000	0.0273273533690515	0.372515974721491
2	26575000	26625000	0.0273255769410239	0.361568144406985
2	95875000	95925000	0.0272784318188427	0.354144024021454
2	128875000	128925000	0.0271713295555143	0.366876317385532
2	177675000	177725000	0.0271644110720738	0.357348380748443
2	205525000	205575000	0.0271197875692356	0.367595575608953
2	29875000	29925000	0.0270505871678648	0.352655446610389
2	39725000	39775000	0.0267853173949526	0.358825507184051
2	127225000	127275000	0.0266273698671057	0.369418452172265
2	53425000	53475000	0.0265921983701083	0.371582116502215
2	141575000	141625000	0.026570618418456	0.36971449767813
2	233925000	233975000	0.0265632443777333	0.36126097609934
2	149625000	149675000	0.0264478502220196	0.359839386227937
2	167525000	167575000	0.0263561764007301	0.360464374737675
2	174375000	174425000	0.0263028418364407	0.354343731840919
2	67675000	67725000	0.0262309070461905	0.354084264910582
2	71025000	71075000	0.0261421825974765	0.366106571052162
2	5775000	5825000	0.0260955048876434	0.367044928028601
2	108125000	108175000	0.026009941290091	0.367077641625505
2	162975000	163025000	0.0257377401427243	0.360905606827475
2	242825000	242875000	0.0256023200541937	0.383124539422382
2	58075000	58125000	0.0254450678226229	0.364329242155262
2	109175000	109225000	0.0254140749965158	0.364042772869049
2	134825000	134875000	0.0253663054662054	0.359727046250462
2	182725000	182775000	0.0253627515625176	0.351454934231149
2	83475000	83525000	0.0253493054580943	0.37038016275373
2	19825000	19875000	0.0253075088694374	0.35838081780429
2	54175000	54225000	0.0252266853001237	0.361298233779833
2	157725000	157775000	0.0252026518390992	0.360009422297148
2	126225000	126275000	0.0251781945099873	0.371715291324657
2	191375000	191425000	0.0251502027756451	0.363697843521548
2	185775000	185825000	0.0251111836330619	0.366516323666815
2	239375000	239425000	0.0250445786839327	0.364671442961949
2	221525000	221575000	0.0249403966972199	0.371463808071671
2	133075000	133125000	0.024854390534013	0.364038086604032
2	213075000	213125000	0.0248192228508978	0.361706406389005
2	925000	975000	0.024812347219594	0.36384173556636
2	72775000	72825000	0.0247993129850587	0.366388971115381
2	164625000	164675000	0.024616936309781	0.364941651504247
2	123025000	123075000	0.0246038835747148	0.36305626661365
2	236375000	236425000	0.0245297594036383	0.35779416841054
2	118125000	118175000	0.0244604982982842	0.360838081961889
2	71475000	71525000	0.0242909726627051	0.360146739078255
2	229525000	229575000	0.0241213074133751	0.371616061338724
2	54675000	54725000	0.024028898257975	0.36143114548135
2	156175000	156225000	0.023948128824977	0.37247575616256
2	224525000	224575000	0.0237683531950842	0.360580705636449
2	132125000	132175000	0.0237262223188698	0.360784596929574
2	169975000	170025000	0.0237126190099674	0.359528423631373
2	223125000	223175000	0.023697099958328	0.352027711790205
2	56525000	56575000	0.0236466473132335	0.362133543728191
2	175425000	175475000	0.0236356230162624	0.351748519118642
2	207625000	207675000	0.0235407520116721	0.363856132667817
2	188675000	188725000	0.023494524846594	0.362024325756668
2	219325000	219375000	0.0234877551134046	0.360050538842565
2	112975000	113025000	0.0234637211687152	0.346220623200892
2	275000	325000	0.0234484214087612	0.371391863174294
2	12275000	12325000	0.0234367500829687	0.359902510128462
2	219225000	219275000	0.0233450923443957	0.35959417757309
2	12575000	12625000	0.0231505982882086	0.355475083200276
2	177325000	177375000	0.0231088941122551	0.354921198962766
2	179775000	179825000	0.023098091585292	0.356845583640958
2	172525000	172575000	0.0229945376987854	0.366966493501481
2	59525000	59575000	0.022961838270314	0.367506175496191
2	211475000	211525000	0.0229405884043914	0.364528704373687
2	32825000	32875000	0.0228253675347918	0.36938046051847
2	66225000	66275000	0.0228167235788255	0.354056458764899
2	202225000	202275000	0.022815358236684	0.356120534882521
2	84175000	84225000	0.0226311111990144	0.371752998288964
2	33225000	33275000	0.022545942339858	0.359142764463892
2	222225000	222275000	0.0225106330187406	0.362670750221091
2	141875000	141925000	0.0224411226880299	0.36487336425692
2	230125000	230175000	0.0224341917988011	0.362974299816838
2	182275000	182325000	0.0223677328482225	0.359899391109258
2	147625000	147675000	0.0222729045434678	0.364174440876867
2	212725000	212775000	0.0222044698071127	0.363847790965406
2	207525000	207575000	0.0221751539115974	0.364595669438182
2	142325000	142375000	0.0221615496423722	0.36706022381031
2	96775000	96825000	0.0221245781670432	0.347944315174224
2	31375000	31425000	0.0220814441287065	0.360072626649356
2	79775000	79825000	0.0220487250318693	0.364470780342945
2	15125000	15175000	0.0219934859006772	0.361578914669938
2	23375000	23425000	0.0217701173399245	0.36818953702801
2	163375000	163425000	0.0217178722133262	0.35994440450454
2	70275000	70325000	0.0215442525148863	0.348552167796329
2	19025000	19075000	0.0213555046196318	0.357922486431994
2	26775000	26825000	0.0213060839478803	0.358154587121536
2	30675000	30725000	0.0210562267899089	0.350713301023583
2	21825000	21875000	0.0209605449893578	0.359343193861198
2	36025000	36075000	0.0209244089922281	0.363999285655191
2	220925000	220975000	0.0208223189386275	0.367465481082386
2	74125000	74175000	0.0205932683054031	0.350702097232458
2	123225000	123275000	0.0204796278403442	0.362469737137343
2	148075000	148125000	0.020478332698897	0.358652966669571
2	66025000	66075000	0.0203343251754232	0.34795305537818
2	59275000	59325000	0.0203104835652326	0.35973846212264
2	144275000	144325000	0.0200448783355884	0.364356619903199
2	34275000	34325000	0.0199269708261253	0.364798976483342
2	198975000	199025000	0.0199027501384105	0.359901599598045
2	207125000	207175000	0.0198401156441662	0.364976094883957
2	100325000	100375000	0.0198055950130887	0.361641089855492
2	212575000	212625000	0.0195852087190486	0.365584401694461
2	235025000	235075000	0.0195709828313969	0.355885606693697
2	130425000	130475000	0.0195286207566648	0.363517445703906
2	5525000	5575000	0.0194586073866183	0.363567655800853
2	117875000	117925000	0.0194579980616112	0.359580372346354
2	120225000	120275000	0.0192944568740049	0.3590218360342
2	29725000	29775000	0.0192211887357014	0.344303047921931
2	163525000	163575000	0.0192103796930037	0.359105497318279
2	224175000	224225000	0.0190731952855813	0.35088483917528
2	58225000	58275000	0.0189731626829271	0.355280642960921
2	199875000	199925000	0.0188473414341357	0.358526232699493
2	164725000	164775000	0.0188266871872128	0.360962813010757
2	154425000	154475000	0.0188234552541091	0.36915548103582
2	135975000	136025000	0.0186392730804084	0.358921268520085
2	205725000	205775000	0.0185225389160515	0.365716822471331
2	12425000	12475000	0.0184731157879427	0.352868238266723
2	76175000	76225000	0.0183115124387586	0.355711878975876
2	31525000	31575000	0.0182947633405854	0.357262172530261
2	125525000	125575000	0.0182679437471688	0.362786726450302
2	147075000	147125000	0.0181782582338489	0.364780406448374
2	226825000	226875000	0.018152301026256	0.349762119068958
2	53575000	53625000	0.0180810114062703	0.359923714708471
2	228475000	228525000	0.0179629946509144	0.360246338143531
2	132275000	132325000	0.0178309252026143	0.358605277426824
2	157875000	157925000	0.0177960672312979	0.35368225113228
2	7525000	7575000	0.0177056267090305	0.362899480335788
2	35875000	35925000	0.0176676474297029	0.362371125389529
2	128425000	128475000	0.0175161906241906	0.360046294855774
2	200075000	200125000	0.017436763499769	0.354929836216366
2	142975000	143025000	0.0174352395912397	0.355010416803248
2	76275000	76325000	0.0173895498050949	0.358042712449102
2	156975000	157025000	0.0173615454339401	0.358841250574533
2	67075000	67125000	0.0173493741218167	0.353058872899875
2	147825000	147875000	0.0172732467846494	0.357406398811725
2	72025000	72075000	0.0172656759375779	0.356219480203416
2	150975000	151025000	0.0172646568496973	0.355133005963954
2	150875000	150925000	0.0172495178798936	0.354528457539193
2	79675000	79725000	0.01722250138015	0.363679562347075
2	148325000	148375000	0.0171676321917665	0.353383748106039
2	124675000	124725000	0.0171448987415492	0.368574858847248
2	27125000	27175000	0.0171358842235977	0.352048822392996
2	187075000	187125000	0.0170871336351405	0.36158405696317
2	36725000	36775000	0.0170478223571906	0.354444284882053
2	142675000	142725000	0.0170196081918939	0.357974860922024
2	215275000	215325000	0.0169421543615634	0.361798124734974
2	215125000	215175000	0.0169098002447116	0.361111618819686
2	178475000	178525000	0.0169046330202841	0.356571299402796
2	32725000	32775000	0.0168290593916985	0.367640251757222
2	103575000	103625000	0.0168239129825597	0.363645280749322
2	129775000	129825000	0.0167313028347687	0.358798443399848
2	168425000	168475000	0.01672232279242	0.355031820025629
2	164425000	164475000	0.0166796623051157	0.356859624489344
2	186125000	186175000	0.0166478962174677	0.361967059071281
2	125775000	125825000	0.0165877829817856	0.361479642045173
2	60425000	60475000	0.0165693814169577	0.36115901496889
2	235175000	235225000	0.0164580211226412	0.351073270691439
2	84875000	84925000	0.0164289609398656	0.35303375150225
2	119925000	119975000	0.0164120290539419	0.354313576660513
2	164925000	164975000	0.0163365315809435	0.362095478662645
2	171975000	172025000	0.0162333730969815	0.346404545038215
2	22125000	22175000	0.0162288626940874	0.361717284298733
2	8425000	8475000	0.0162150609814581	0.358314471766428
2	234475000	234525000	0.0160401234436734	0.357258513467168
2	130025000	130075000	0.0160210613128601	0.361565532035398
2	144825000	144875000	0.0160076613947177	0.361742811558434
2	199525000	199575000	0.0158533155516716	0.359357389277358
2	48525000	48575000	0.0158135148932945	0.351926905586561
2	32475000	32525000	0.0157750045796642	0.364546774481647
2	83175000	83225000	0.0156183398107921	0.358285776834345
2	164325000	164375000	0.015604637294909	0.357451257097978
2	108575000	108625000	0.0155946446577158	0.355506552994071
2	221975000	222025000	0.015594233414261	0.360412026324623
2	150075000	150125000	0.015543441019283	0.348975880440587
2	233275000	233325000	0.0154779840099781	0.364313084036165
2	233525000	233575000	0.0153834433991047	0.358781094077376
2	212825000	212875000	0.0153505717002831	0.354089978313831
2	14225000	14275000	0.0153014871025418	0.356468497993655
2	120825000	120875000	0.0151819449240694	0.353966019881494
2	123375000	123425000	0.0150054528714523	0.359648856861999
2	141025000	141075000	0.0149960227911478	0.365593598087641
2	72125000	72175000	0.0149396153363212	0.355047224654669
2	107725000	107775000	0.0148343417710156	0.360074408680638
2	208175000	208225000	0.0148278257695107	0.344660790989799
2	33125000	33175000	0.0148217089138772	0.35096387930793
2	19175000	19225000	0.0148145684200393	0.351021991537853
2	99425000	99475000	0.0147804414425365	0.350157214380638
2	126925000	126975000	0.014711251109189	0.362301898861993
2	185075000	185125000	0.0145624956497648	0.360845615415218
2	28175000	28225000	0.014523546904821	0.353717759663268
2	152675000	152725000	0.0145072537696272	0.355045023430331
2	151875000	151925000	0.0144995216218747	0.356135968721339
2	33325000	33375000	0.0144528777754835	0.351504351629498
2	213725000	213775000	0.0144317839676839	0.350427552573615
2	163675000	163725000	0.0143845036515623	0.3559482066109
2	53175000	53225000	0.0142904403548902	0.362105815247389
2	117575000	117625000	0.0142235082923524	0.35883963132246
2	13625000	13675000	0.0140339102788181	0.357543343481107
2	172625000	172675000	0.0140288595871335	0.354886094968417
2	35625000	35675000	0.0139464618617539	0.361364275316352
2	76425000	76475000	0.0136639292143866	0.359196286018728
2	149025000	149075000	0.0136551846918754	0.346311599325597
2	7825000	7875000	0.0136165924055252	0.359132329241079
2	171475000	171525000	0.0136102114456446	0.34392889066589
2	195775000	195825000	0.0135606267959595	0.359167908169495
2	180775000	180825000	0.0135101430094689	0.353424436778261
2	36225000	36275000	0.013494952192089	0.354398360459234
2	14025000	14075000	0.0134894247347306	0.357411014615576
2	156025000	156075000	0.0134534065830048	0.362778463238474
2	5375000	5425000	0.0134515878521054	0.359456411430306
2	142025000	142075000	0.0134470890441277	0.357419241086627
2	205375000	205425000	0.0134295409378186	0.348866457340865
2	77875000	77925000	0.0133445874289099	0.364168624522094
2	83075000	83125000	0.0132982981892335	0.357304709280162
2	79175000	79225000	0.0132827923566778	0.365172323275544
2	82975000	83025000	0.0132731379059131	0.358618523064218
2	213625000	213675000	0.0132417702273809	0.349028222807051
2	151475000	151525000	0.0131006180463151	0.354190330501944
2	73275000	73325000	0.0130972402214074	0.343264624050428
2	16375000	16425000	0.013073040689444	0.355981294473157
2	8625000	8675000	0.0129132556188753	0.352518873626401
2	216525000	216575000	0.0128564718862392	0.343738901747653
2	136175000	136225000	0.0127102563500626	0.356618012971493
2	23175000	23225000	0.0126017105832376	0.361339945016357
2	82075000	82125000	0.0125878883751283	0.363026707740437
2	164175000	164225000	0.0125588401979473	0.356905446429277
2	193425000	193475000	0.0125418644869036	0.358107536872526
2	209975000	210025000	0.0124685078493841	0.3559383884541
2	107825000	107875000	0.0124211418636933	0.356618117129764
2	52325000	52375000	0.0123915875739782	0.362811698676115
2	24125000	24175000	0.0123730400507814	0.348514385153018
2	146225000	146275000	0.0123380700217161	0.36082380291964
2	146675000	146725000	0.0123053833445647	0.359980391575863
2	228625000	228675000	0.0122888052451592	0.355856720055041
2	8125000	8175000	0.0121626631181198	0.356647745642006
2	60025000	60075000	0.0121505884419959	0.360019779256002
2	83975000	84025000	0.0120915186423475	0.364604891707871
2	175000	225000	0.0120834263186856	0.36508571119528
2	138225000	138275000	0.0120444146950914	0.357512134167343
2	82675000	82725000	0.0120041095319304	0.361366416892363
2	77725000	77775000	0.0119554781335179	0.363695770478442
2	125225000	125275000	0.0118784010707223	0.358502753656447
2	215025000	215075000	0.0118303565297614	0.355596073905779
2	133625000	133675000	0.0118079196319983	0.353521315677207
2	136275000	136325000	0.0117967081525783	0.357517345364886
2	211975000	212025000	0.0117920671034246	0.360822267000584
2	56925000	56975000	0.0117219074881311	0.361596172898368
2	52225000	52275000	0.0116964864684415	0.361994790389706
2	19325000	19375000	0.0116741835129492	0.347259376851783
2	82875000	82925000	0.0116632554218639	0.358347614647545
2	132375000	132425000	0.0114886621924497	0.352601541370808
2	103725000	103775000	0.0114485351038625	0.360380817247876
2	239475000	239525000	0.0114144073909529	0.348770339996847
2	57625000	57675000	0.0113779138879135	0.357992170384487
2	13875000	13925000	0.0112996709840627	0.357287195107207
2	4925000	4975000	0.0112239806400354	0.359699594335857
2	100475000	100525000	0.0112076352265422	0.352214237683643
2	167775000	167825000	0.0111878588846103	0.351081616668127
2	145625000	145675000	0.0111590282634303	0.359661928561191
2	194525000	194575000	0.0111409086704756	0.360707842487781
2	194075000	194125000	0.0110993030667985	0.361196456742453
2	138125000	138175000	0.0110830596849895	0.359468166881631
2	168275000	168325000	0.0110588791738742	0.350431599405884
2	115025000	115075000	0.0110548633460312	0.355504550555385
2	76875000	76925000	0.011051459325674	0.365129843205466
2	62375000	62425000	0.0109981415637029	0.342543919433645
2	5625000	5675000	0.0109905686577608	0.353835766962685
2	181325000	181375000	0.0109791326679105	0.356023752372551
2	125975000	126025000	0.0109581360623007	0.356148456213892
2	45575000	45625000	0.0109409322323738	0.348892597142832
2	49575000	49625000	0.0109219000844534	0.359334756047501
2	186525000	186575000	0.0108892487891898	0.360172999804334
2	107625000	107675000	0.0108297116638912	0.357112870217066
2	186725000	186775000	0.0108166734534738	0.360302685833706
2	51525000	51575000	0.0108103725343443	0.360615390046869
2	117375000	117425000	0.0107244263910319	0.358336381918049
2	49675000	49725000	0.0106987638278162	0.35961155795416
2	81675000	81725000	0.0105952398643595	0.361831440843283
2	186225000	186275000	0.010584447050784	0.3570219021389
2	206175000	206225000	0.0105843928682169	0.3562955911626
2	115425000	115475000	0.0105657655951278	0.363538768291164
2	123525000	123575000	0.0105435496107502	0.357840248294845
2	61875000	61925000	0.0105380916498112	0.345490068615651
2	135475000	135525000	0.0105259027086139	0.348381613559585
2	16075000	16125000	0.0105163737963609	0.35415246124182
2	28475000	28525000	0.0105082609239622	0.350261841421762
2	125075000	125125000	0.0104957806262874	0.358811233532032
2	195925000	195975000	0.0104556661940836	0.353862433376474
2	150575000	150625000	0.0104538870107382	0.345964598305165
2	209675000	209725000	0.0104487721764054	0.356302425083615
2	76775000	76825000	0.0103740862558432	0.363636296190967
2	185225000	185275000	0.0103311057224682	0.35447985622783
2	229925000	229975000	0.0103207535262396	0.354438447618485
2	155575000	155625000	0.0103012696682884	0.362006833840101
2	83825000	83875000	0.0102117809212979	0.361721828310986
2	137675000	137725000	0.0102092493183201	0.361046503305678
2	184825000	184875000	0.0102088035011815	0.360049205366788
2	56625000	56675000	0.0101813743635051	0.353251520093453
2	204475000	204525000	0.0101104799145961	0.340388024190319
2	139375000	139425000	0.0100720939619422	0.349279463284405
2	6275000	6325000	0.0100382308510911	0.348246767508509
2	16175000	16225000	0.00990779386225193	0.353709080942276
2	145075000	145125000	0.00989408069238124	0.355433566727375
2	81475000	81525000	0.00989068567197127	0.362245222780749
2	121275000	121325000	0.00987047159747162	0.34119312698709
2	115625000	115675000	0.00980211923487612	0.36327164006833
2	60225000	60275000	0.00979990250487284	0.356284388238157
2	76525000	76575000	0.00977554657613711	0.358560699487369
2	233025000	233075000	0.00975791901756867	0.350329064353583
2	186625000	186675000	0.00970791450305836	0.359092796200747
2	17525000	17575000	0.00970167898709617	0.359195814310001
2	144675000	144725000	0.0095736393298308	0.356351416265646
2	83675000	83725000	0.00956588979894041	0.358299141434034
2	115325000	115375000	0.00953742645258132	0.362262170079908
2	134975000	135025000	0.00951192242551024	0.346776461475356
2	17275000	17325000	0.00939122003242987	0.359919293194041
2	229825000	229875000	0.00938329240387131	0.355289779533221
2	4175000	4225000	0.00937609758209196	0.358398660675496
2	124275000	124325000	0.00937583159780714	0.360203800812917
2	78175000	78225000	0.0093535919211255	0.359712587344769
2	117175000	117225000	0.00933318758862411	0.359940975612552
2	155675000	155725000	0.00933274076348584	0.360512575608698
2	206025000	206075000	0.00933006782354023	0.356227282045343
2	166575000	166625000	0.00931760104955975	0.350895677818648
2	50125000	50175000	0.009313715918635	0.355864721022158
2	215525000	215575000	0.00931086318590635	0.352491308704682
2	82525000	82575000	0.00925650370576747	0.360627272167264
2	120725000	120775000	0.00924087798577328	0.349750267359074
2	80275000	80325000	0.00922155525711865	0.348573333360546
2	123675000	123725000	0.00919700170617133	0.359146995083814
2	151775000	151825000	0.0091818056423652	0.352862694662618
2	209525000	209575000	0.00893675820361894	0.352459137574779
2	195575000	195625000	0.00893341203469228	0.357474712329754
2	120575000	120625000	0.0089230266256195	0.350844314836174
2	124875000	124925000	0.00887509928587671	0.359166333887629
2	124125000	124175000	0.00878092258440327	0.36020066475154
2	184925000	184975000	0.00873911117106407	0.35715660019661
2	116925000	116975000	0.00871585015297316	0.361874663431442
2	14125000	14175000	0.00867523048574753	0.351219530871726
2	124375000	124425000	0.00867044643019566	0.359574880253277
2	194775000	194825000	0.00860808832765492	0.357838443304867
2	22575000	22625000	0.00859302482250945	0.359816667526048
2	82225000	82275000	0.00852906709577317	0.359568425009785
2	145925000	145975000	0.00852458885308693	0.357022481059102
2	116775000	116825000	0.00851973193983607	0.362134771541094
2	50225000	50275000	0.00851812480113556	0.354416190378541
2	54525000	54575000	0.00847348472762188	0.343565737896955
2	60325000	60375000	0.00846645126421586	0.354003510906824
2	82325000	82375000	0.0084610855218229	0.359900802468304
2	51275000	51325000	0.00841399695989148	0.358094178448917
2	52775000	52825000	0.00836417513090842	0.358119052797953
2	193875000	193925000	0.00832806145556653	0.358250278027082
2	194925000	194975000	0.00831582284167293	0.357894976167115
2	141275000	141325000	0.00828257483521205	0.3575058696134
2	86825000	86875000	0.00826777422016822	0.349331085008935
2	151125000	151175000	0.00823887125203526	0.346991334548729
2	52925000	52975000	0.00820559117120762	0.357233155297797
2	140025000	140075000	0.00818467911225496	0.357992770963606
2	45375000	45425000	0.00816446799530984	0.349158518905869
2	187975000	188025000	0.00810055492051709	0.352995454599671
2	59875000	59925000	0.00809904121131172	0.35585892985944
2	166325000	166375000	0.00809719916540369	0.351525399203759
2	17175000	17225000	0.00809379429868001	0.354646908768885
2	209775000	209825000	0.00808076907913036	0.355439847642944
2	51875000	51925000	0.00806374929902665	0.358043537244448
2	211875000	211925000	0.0080274312782353	0.3567632167542
2	34675000	34725000	0.00799937529616407	0.357236417232129
2	154175000	154225000	0.00798881010106994	0.35562899897105
2	161425000	161475000	0.00792736584208104	0.350883961464057
2	34775000	34825000	0.0079245741319488	0.357837719391527
2	23075000	23125000	0.00788622709827624	0.35699196295286
2	214825000	214875000	0.0077803454395815	0.350582528540134
2	126825000	126875000	0.00776212043280944	0.356952623334828
2	240625000	240675000	0.00771496519746928	0.34677479126913
2	179125000	179175000	0.00764382226183663	0.340631792108393
2	81975000	82025000	0.00761670755103627	0.357655167883876
2	44975000	45025000	0.00758605788807665	0.350266483266232
2	60125000	60175000	0.00757761852511984	0.35500953034908
2	155875000	155925000	0.00756212377039389	0.357684609743749
2	193575000	193625000	0.00754716480131712	0.356517284354888
2	154025000	154075000	0.00749703952946862	0.355021503840481
2	186825000	186875000	0.00748451231502911	0.357071655377805
2	141425000	141475000	0.00747595114277738	0.354767107885845
2	126625000	126675000	0.0074216751314074	0.358450495333785
2	105275000	105325000	0.00742050912505432	0.357269196870563
2	50975000	51025000	0.00735794207648099	0.352616864208151
2	49875000	49925000	0.00733460228993571	0.355517956208751
2	221075000	221125000	0.00731946007581313	0.353128480885484
2	139875000	139925000	0.00730670060518673	0.354668471872948
2	77975000	78025000	0.00729522970265029	0.357781923728129
2	189625000	189675000	0.00728234340794703	0.341375349285502
2	124525000	124575000	0.00724603426988318	0.358971634868908
2	78375000	78425000	0.0072214442256297	0.357693744214594
2	52625000	52675000	0.00721959692205743	0.357701788129556
2	103925000	103975000	0.00719899840829979	0.358945833055316
2	155425000	155475000	0.00718812319272966	0.359682281354442
2	64375000	64425000	0.00708247306074455	0.346320433224136
2	4675000	4725000	0.00704609670275835	0.356527493738839
2	51075000	51125000	0.00702734772183672	0.354471932327485
2	154575000	154625000	0.0069987051630222	0.358945833091772
2	142175000	142225000	0.00698483736252481	0.352496899878634
2	34575000	34625000	0.00698407708953652	0.355129859955814
2	184725000	184775000	0.00694789286470038	0.357507551594873
2	137525000	137575000	0.00686922231961162	0.356744508909035
2	212225000	212275000	0.00685337760145055	0.356619613551594
2	50325000	50375000	0.00685201039967581	0.352097136450964
2	104675000	104725000	0.0068263664768814	0.35930622950216
2	79425000	79475000	0.00682387412218433	0.359156289706645
2	126475000	126525000	0.00680457345733199	0.356148997389319
2	144425000	144475000	0.00679783009524115	0.354001724961104
2	56725000	56775000	0.00678507139593332	0.354438466440872
2	137875000	137925000	0.00674260515717595	0.35886248234178
2	153825000	153875000	0.00673191132578249	0.353094992811927
2	77225000	77275000	0.00668294209620546	0.361477418613594
2	81825000	81875000	0.00667934457840558	0.357076793459938
2	221275000	221325000	0.00662663683137177	0.35224255907189
2	138025000	138075000	0.00661265053758253	0.357915145458615
2	184525000	184575000	0.00659094970867163	0.357181810216987
2	130275000	130325000	0.00653335880970968	0.353775316182899
2	35025000	35075000	0.00653317465637671	0.357098688859806
2	181225000	181275000	0.00649899897458839	0.351682095463312
2	78875000	78925000	0.00641487460028795	0.357772943920441
2	156725000	156775000	0.00639419463014307	0.354696307292427
2	194275000	194325000	0.00638343252302115	0.357153013813313
2	116625000	116675000	0.00634898453294219	0.360420250456989
2	154675000	154725000	0.00629806584381543	0.359321928537258
2	146125000	146175000	0.00627272280112606	0.354762508801747
2	116075000	116125000	0.00626245359200928	0.360615855047292
2	221775000	221825000	0.00624346677428078	0.353674367282664
2	181675000	181725000	0.00618773257171989	0.350747683532066
2	46975000	47025000	0.0061620061587308	0.337664761803129
2	104875000	104925000	0.00610083388224292	0.359916878999289
2	123925000	123975000	0.00608287954417297	0.358291652314012
2	57175000	57225000	0.00608099994245032	0.356178160792016
2	115925000	115975000	0.00603291153586094	0.360113903754092
2	161525000	161575000	0.00603273251533398	0.346974872834912
2	35225000	35275000	0.00599209482140833	0.357079504179918
2	155225000	155275000	0.0059575909446824	0.359503207759595
2	130175000	130225000	0.00592869412043634	0.35355956293745
2	115825000	115875000	0.00590467768560249	0.359804063745799
2	229325000	229375000	0.00581394612924729	0.353108173813492
2	104175000	104225000	0.00574899120381783	0.358795843524574
2	195325000	195375000	0.00571065868658982	0.356219940940643
2	193975000	194025000	0.00567014346918904	0.355431083337525
2	195175000	195225000	0.00565072607761741	0.355811209983442
2	204975000	205025000	0.00559126066848842	0.354703186229411
2	155125000	155175000	0.00558651145343186	0.359657857594944
2	184625000	184675000	0.0055724789145119	0.356147738533756
2	52525000	52575000	0.0055467300977865	0.356210455561667
2	193775000	193825000	0.00552409797272679	0.35610508175792
2	105025000	105075000	0.00549032640924552	0.359821804534897
2	195075000	195125000	0.00548765915764232	0.355415610831314
2	167925000	167975000	0.00544082169989601	0.347294395595774
2	188975000	189025000	0.00543945110713384	0.349988513497063
2	153925000	153975000	0.00542299077219327	0.353370097906584
2	69375000	69425000	0.00540340538617817	0.336023079606341
2	77125000	77175000	0.00536847623991443	0.360773789591796
2	24825000	24875000	0.00536633336250036	0.341849516471934
2	124025000	124075000	0.0053058165077855	0.357120073976273
2	44825000	44875000	0.00527706765646851	0.347337920441835
2	188075000	188125000	0.00525229066192306	0.348543707522739
2	78675000	78725000	0.00523419359565513	0.356237955183333
2	205875000	205925000	0.00521764685445592	0.353300877003679
2	195475000	195525000	0.00521579334766481	0.35522410310349
2	45975000	46025000	0.00517558263325291	0.333864572876031
2	146775000	146825000	0.00513457146227581	0.352541364689381
2	140175000	140225000	0.00507268538653077	0.357327097821471
2	186425000	186475000	0.00499257115922747	0.353666610715949
2	81325000	81375000	0.00497828699324904	0.358171576199418
2	51425000	51475000	0.00496855863784956	0.354723641740975
2	188875000	188925000	0.00489765739773645	0.349939054589707
2	57525000	57575000	0.00486318730146618	0.35330957789554
2	216375000	216425000	0.00485305834379751	0.336512495733862
2	184425000	184475000	0.00484414737132616	0.355450608768713
2	140775000	140825000	0.00467632911257454	0.356648184927374
2	145775000	145825000	0.00466521061301622	0.353167394668991
2	104775000	104825000	0.00458788565744195	0.35745439735665
2	22325000	22375000	0.00445734617904059	0.355301402771789
2	57325000	57375000	0.00445120401219484	0.355500068348533
2	242425000	242475000	0.00437806477600106	0.345277398359563
2	147225000	147275000	0.00436533910029957	0.35020678376875
2	194375000	194425000	0.00434493687769771	0.354939936477487
2	82425000	82475000	0.00432912755063258	0.356169203529583
2	104325000	104375000	0.00427459977326283	0.357214193516259
2	72525000	72575000	0.00426474977725805	0.348342358685507
2	105125000	105175000	0.00417298540945665	0.357636262716644
2	81125000	81175000	0.00416536065882278	0.356014743281329
2	77025000	77075000	0.00411962646171521	0.359422271258509
2	194175000	194225000	0.00411536982460958	0.354548737307583
2	156475000	156525000	0.00409280912064974	0.35224951189422
2	49425000	49475000	0.00408763266538814	0.350883147697403
2	140425000	140475000	0.00406159613602791	0.357132264536912
2	140525000	140575000	0.00405104943990531	0.357122125726496
2	227475000	227525000	0.0039321575380819	0.341102224159863
2	229175000	229225000	0.00388914528910761	0.351032978292524
2	4475000	4525000	0.00386635290528836	0.354152376613576
2	32575000	32625000	0.00383859138316534	0.356807375848739
2	220775000	220825000	0.00383460299040106	0.351311906468247
2	35375000	35425000	0.00371600839366409	0.353848157343035
2	79575000	79625000	0.00371079842584127	0.354202865048615
2	116325000	116375000	0.00366441046471616	0.358298812168338
2	116425000	116475000	0.00364998825926255	0.358119965827426
2	34875000	34925000	0.00356153118692765	0.353735624024046
2	17375000	17425000	0.00353896760263001	0.355299165813842
2	236875000	236925000	0.00351038905596213	0.340670039220929
2	22425000	22475000	0.00341292651424963	0.355356061194964
2	22975000	23025000	0.00339788256240886	0.352871119838457
2	4325000	4375000	0.00337264605965765	0.3542621397721
2	104575000	104625000	0.00336524021141837	0.356021339306676
2	48975000	49025000	0.00336129532539692	0.341043297995827
2	140275000	140325000	0.00324798353053457	0.356318040102858
2	77425000	77475000	0.00324351768510212	0.356816320533505
2	156375000	156425000	0.00323548532515977	0.350699873572229
2	104425000	104475000	0.0032039704235633	0.356072058448053
2	57425000	57475000	0.00317501113596874	0.353567873888613
2	239025000	239075000	0.00316803155410189	0.348807731127948
2	28325000	28375000	0.0031046621979739	0.346316792772586
2	51725000	51775000	0.00310257083616922	0.353007457167492
2	206325000	206375000	0.00307646247063292	0.34706865071028
2	156575000	156625000	0.00304136290180212	0.353114314273632
2	238925000	238975000	0.00267104897559522	0.346710829108368
2	59725000	59775000	0.00218075492085629	0.349831341403107
2	181525000	181575000	0.00192957485111611	0.346697240987589
2	229675000	229725000	0.00191760737584601	0.349562755982024
2	165125000	165175000	0.00179929343632668	0.348181211128141
2	154975000	155025000	0.00178345685473796	0.356239569273818
2	56825000	56875000	0.00177885835467617	0.351700293293045
2	154875000	154925000	0.00111418025833043	0.355692194291678
2	52075000	52125000	0.000984275836824922	0.351099868986782
2	136975000	137025000	0.000796666215344743	0.347144739012341
