1	4864	0	0.138	282.435
32	38	1	1.781	1.240
68	75	1	1.503	0.867
75	141	1	2.624	1.104
75	130	2	1.657	0.022
141	179	1	1.764	0.906
179	192	1	1.311	2.428
179	186	2	2.055	0.684
186	192	2	2.617	1.117
192	219	1	0.981	5.514
192	199	2	2.350	1.006
199	219	2	1.113	4.094
199	205	3	2.718	1.226
205	219	3	1.303	2.562
205	212	4	3.083	1.679
212	219	4	2.017	0.613
219	239	1	1.159	4.549
219	233	2	1.360	2.837
219	226	3	2.488	1.028
226	233	3	2.581	1.121
233	239	2	1.703	1.117
239	340	1	1.086	3.966
239	264	2	2.235	1.583
264	340	2	1.517	2.341
264	316	3	1.792	0.380
316	340	3	1.485	1.300
316	334	4	1.472	0.334
334	340	4	0.923	0.414
340	481	1	1.128	10.180
340	360	2	1.118	0.325
360	403	2	1.214	3.001
360	372	3	1.634	0.826
372	403	3	2.400	1.906
372	392	4	2.059	0.421
379	392	5	2.025	0.252
392	403	4	1.532	0.153
403	418	2	0.477	3.377
403	411	3	2.295	1.783
411	418	3	2.115	1.554
418	481	2	1.309	3.433
418	472	3	1.339	2.503
418	425	4	1.634	1.005
425	472	4	1.699	0.953
472	481	3	1.541	0.695
481	509	1	0.970	4.210
481	487	2	1.994	0.523
487	509	2	1.286	3.401
487	493	3	1.841	0.371
493	509	3	1.421	2.455
493	502	4	2.350	1.022
502	509	4	2.144	0.976
509	552	1	0.718	4.821
509	522	2	1.753	0.957
522	552	2	0.772	3.764
522	541	3	0.866	2.595
522	529	4	2.619	1.514
529	541	4	1.882	0.962
541	552	3	2.068	1.126
552	583	1	0.805	6.694
552	558	2	2.687	2.160
558	583	2	1.067	4.262
558	575	3	2.786	2.066
575	583	3	2.219	1.668
583	608	1	1.552	2.436
583	590	2	1.721	0.912
590	608	2	1.774	0.858
608	649	1	0.915	2.668
608	619	2	2.369	1.661
619	642	2	1.422	0.266
642	649	2	1.577	0.695
649	677	1	0.713	2.498
649	656	2	1.650	0.844
656	677	2	2.017	1.432
677	732	1	1.482	1.186
677	722	2	1.495	0.577
732	739	1	1.729	0.958
739	790	1	0.845	5.498
753	790	2	0.677	5.294
753	763	3	3.032	2.103
763	782	3	1.260	1.803
763	771	4	2.252	0.826
771	782	4	1.992	0.844
782	790	3	2.104	1.345
790	800	1	1.967	1.202
800	842	1	1.474	0.776
800	821	2	1.706	0.045
842	861	1	0.775	2.430
842	853	2	1.943	1.233
853	861	2	1.809	1.028
861	877	1	2.644	2.145
877	884	1	1.919	1.307
884	917	1	1.228	2.258
884	893	2	1.509	0.458
893	917	2	1.091	1.235
893	904	3	1.484	0.336
904	917	3	1.925	0.719
917	952	1	0.770	6.129
917	943	2	0.923	4.696
917	937	3	1.220	2.887
917	924	4	2.137	1.261
924	937	4	2.188	1.280
937	943	3	2.706	1.586
943	952	2	2.384	1.337
952	961	1	1.641	0.838
961	1158	1	1.265	10.848
961	977	2	1.435	0.649
967	977	3	1.284	0.000
977	1158	2	1.074	9.873
977	1015	3	1.700	1.263
977	984	4	1.218	0.173
984	1015	4	1.541	0.233
1015	1081	3	2.214	1.983
1015	1070	4	2.106	0.957
1081	1118	3	1.204	4.685
1081	1109	4	1.640	3.557
1081	1088	5	1.293	0.372
1088	1109	5	1.371	2.236
1088	1099	6	2.487	1.013
1099	1109	6	1.966	0.680
1109	1118	4	1.352	0.506
1118	1128	3	1.590	1.326
1128	1158	3	1.339	0.538
1158	1226	1	1.038	2.074
1158	1219	2	1.631	0.830
1158	1179	3	1.443	0.119
1179	1219	3	1.684	0.118
1219	1226	2	1.463	1.216
1226	1243	1	1.810	1.178
1226	1235	2	1.886	0.032
1243	1277	1	1.498	1.885
1243	1254	2	1.758	0.461
1254	1277	2	1.315	0.827
1254	1261	3	2.027	0.717
1277	1285	1	1.650	0.928
1285	1374	1	1.020	8.078
1285	1317	2	0.968	3.913
1285	1309	3	1.009	2.901
1285	1296	4	1.789	0.718
1296	1309	4	1.129	1.996
1296	1303	5	2.263	1.087
1303	1309	5	1.948	0.842
1309	1317	3	1.837	0.788
1317	1367	2	1.816	2.727
1317	1333	3	1.586	0.750
1333	1367	3	2.074	1.144
1333	1358	4	2.085	0.666
1367	1374	2	2.159	1.407
1374	1392	1	0.906	2.805
1374	1384	2	2.002	1.026
1384	1392	2	2.523	1.581
1392	1411	1	0.788	2.563
1392	1402	2	2.132	1.329
1402	1411	2	2.045	1.153
1411	1425	1	1.333	1.030
1411	1418	2	1.912	0.443
1425	1470	1	0.948	3.298
1425	1463	2	0.988	1.477
1425	1435	3	1.249	0.594
1435	1463	3	1.699	0.772
1463	1470	2	2.285	1.676
1470	1480	1	1.444	0.906
1480	1497	1	0.984	2.479
1480	1489	2	2.432	1.418
1489	1497	2	1.749	0.730
1497	1519	1	1.541	0.957
1519	1693	1	1.820	2.057
1519	1684	2	2.085	1.318
1519	1671	3	1.771	0.625
1603	1617	4	1.018	0.266
1684	1693	2	1.019	0.175
1693	1704	1	1.661	1.110
1704	1728	1	0.545	5.752
1704	1718	2	0.740	3.634
1704	1712	3	2.285	1.525
1712	1718	3	2.785	1.937
1718	1728	2	2.606	1.958
1728	1770	1	0.994	1.696
1728	1740	2	1.222	0.299
1740	1770	2	1.031	1.331
1740	1747	3	0.946	0.005
1755	1761	3	1.714	0.778
1761	1770	3	1.018	0.316
1770	1792	1	0.782	0.506
1770	1781	2	0.907	0.024
1781	1792	2	1.286	0.404
1920	1933	1	1.543	0.982
1933	1956	1	1.024	1.543
1933	1945	2	1.739	0.588
1945	1956	2	1.764	0.650
1956	2068	1	1.002	6.950
1956	1964	2	1.090	0.411
1964	1985	2	1.681	0.653
1985	1996	2	1.411	0.347
1996	2024	2	1.187	3.218
1996	2003	3	1.446	0.871
2003	2018	3	2.370	1.478
2018	2024	3	1.137	0.680
2024	2038	2	1.706	1.097
2038	2068	2	1.024	1.219
2038	2051	3	2.123	0.884
2051	2068	3	1.236	0.107
2068	2179	1	1.420	0.678
2112	2145	2	1.174	0.144
2145	2179	2	1.180	0.111
2179	2285	1	1.036	9.155
2179	2189	2	1.498	1.120
2189	2285	2	1.063	7.787
2189	2275	3	0.975	6.616
2189	2267	4	0.801	5.061
2189	2224	5	1.107	3.234
2189	2215	6	1.516	1.278
2189	2195	7	1.421	0.600
2195	2215	7	0.866	0.034
2215	2224	6	2.490	1.632
2237	2251	5	1.876	0.701
2251	2267	5	1.692	1.069
2267	2275	4	1.885	1.362
2275	2285	3	1.456	0.964
2285	2295	1	1.598	1.004
2295	2371	1	1.374	0.529
2371	2409	1	1.059	0.392
2371	2394	2	1.188	0.171
2409	2443	1	0.870	4.687
2409	2422	2	1.733	0.947
2422	2437	2	1.186	3.021
2422	2429	3	2.589	1.567
2429	2437	3	2.490	1.148
2437	2443	2	1.223	0.657
2443	2451	1	2.009	1.271
2451	2556	1	1.833	0.270
2451	2545	2	1.474	0.026
2556	2573	1	0.910	1.896
2556	2566	2	1.635	0.667
2566	2573	2	2.047	0.933
2573	2582	1	1.017	0.149
2582	2591	1	1.733	0.865
2591	2616	1	1.285	0.112
2616	2635	1	0.969	0.028
2660	2705	1	1.036	1.971
2660	2693	2	1.531	1.072
2668	2693	3	1.756	0.623
2693	2705	2	1.719	0.861
2705	2714	1	1.216	0.488
2714	2733	1	1.670	0.981
2733	2744	1	1.122	0.588
2773	2876	1	1.324	2.248
2773	2793	2	1.490	0.834
2793	2876	2	1.403	1.339
2793	2868	3	2.008	1.012
2793	2857	4	1.523	0.290
2868	2876	3	1.229	0.205
2876	2950	1	2.251	1.153
2950	3009	1	1.639	1.225
2950	2998	2	1.237	0.609
2950	2974	3	1.577	0.247
2974	2986	3	1.671	0.191
2998	3009	2	1.440	0.173
3009	3048	1	2.057	1.081
3048	3058	1	1.055	0.673
3058	3072	1	1.674	1.095
3072	3167	1	1.302	0.731
3089	3167	2	1.215	0.434
3123	3167	3	1.523	0.110
3167	3195	1	1.260	0.865
3167	3178	2	1.260	0.163
3178	3195	2	1.504	0.273
3195	3243	1	0.984	3.510
3195	3214	2	1.594	2.343
3195	3202	3	2.069	0.836
3202	3214	3	1.971	0.768
3214	3243	2	1.889	0.908
3243	3266	1	1.157	0.358
3266	3436	1	1.231	4.463
3266	3311	2	1.183	0.796
3266	3279	3	0.604	0.129
3279	3311	3	1.691	0.486
3311	3436	2	1.187	3.658
3311	3336	3	0.875	0.519
3311	3324	4	1.104	0.116
3324	3336	4	1.280	0.303
3336	3384	3	1.198	0.850
3336	3347	4	1.192	0.484
3347	3384	4	1.571	0.309
3384	3397	3	1.544	0.401
3397	3436	3	1.111	1.815
3397	3406	4	0.631	0.211
3406	3436	4	1.172	1.403
3406	3417	5	1.566	0.474
3417	3423	5	1.242	0.442
3423	3436	5	1.376	0.274
3436	3512	1	0.790	8.594
3436	3448	2	2.281	1.516
3448	3512	2	0.707	6.962
3448	3468	3	1.610	3.036
3448	3461	4	2.139	0.754
3461	3468	4	2.545	1.385
3468	3512	3	0.880	3.912
3468	3505	4	0.916	3.388
3468	3474	5	1.827	0.769
3474	3505	5	1.351	2.465
3474	3482	6	2.111	0.868
3482	3505	6	2.069	1.038
3505	3512	4	1.332	0.450
3512	3518	1	2.466	1.457
3518	3580	1	1.208	0.718
3518	3524	2	1.026	0.018
3524	3561	2	1.381	0.485
3540	3552	3	1.638	0.463
3552	3561	3	0.969	0.011
3580	3588	1	1.444	0.774
3588	3613	1	0.980	0.216
3606	3613	2	1.661	0.146
3613	3672	1	1.307	2.650
3613	3661	2	1.403	1.717
3620	3661	3	1.561	1.430
3620	3652	4	1.954	0.722
3640	3652	5	1.337	0.126
3652	3661	4	1.373	0.345
3661	3672	2	1.828	0.723
3672	3681	1	1.270	0.779
3681	3767	1	1.238	1.758
3681	3754	2	1.168	1.310
3681	3747	3	1.759	0.765
3747	3754	3	1.026	0.475
3754	3767	2	1.283	0.437
3767	3848	1	0.683	6.298
3767	3838	2	0.725	4.814
3767	3807	3	1.324	2.520
3767	3788	4	1.762	0.325
3788	3807	4	1.598	1.703
3788	3798	5	2.205	0.544
3798	3807	5	2.451	0.923
3807	3838	3	1.101	2.211
3807	3813	4	1.813	0.919
3813	3838	4	1.518	0.929
3813	3824	5	1.837	0.098
3824	3838	5	1.635	0.045
3838	3848	2	2.172	1.439
3848	3954	1	1.558	3.889
3848	3939	2	1.791	2.891
3848	3861	3	1.389	0.622
3861	3939	3	2.503	1.680
3861	3931	4	1.546	0.406
3861	3924	5	1.816	0.298
3939	3954	2	1.241	0.361
3954	3973	1	0.764	1.597
3954	3966	2	1.743	0.946
3966	3973	2	1.249	0.621
3973	4016	1	1.251	2.304
3973	3984	2	1.288	0.617
3984	4016	2	1.725	1.448
3984	4008	3	1.666	0.759
4008	4016	3	0.850	0.114
4016	4035	1	1.239	3.193
4016	4028	2	2.128	1.210
4028	4035	2	2.065	1.185
4035	4138	1	0.750	12.212
4035	4063	2	0.935	4.680
4035	4042	3	2.642	1.541
4042	4063	3	0.966	2.983
4042	4053	4	2.242	1.185
4053	4063	4	2.639	1.597
4063	4096	2	1.042	3.471
4063	4069	3	2.308	1.579
4069	4096	3	1.791	1.634
4069	4087	4	1.782	0.401
4087	4096	4	2.025	0.254
4096	4138	2	2.275	4.036
4096	4103	3	0.848	0.386
4103	4138	3	2.418	2.252
4103	4131	4	2.051	0.989
4131	4138	4	1.043	0.084
4157	4173	1	1.185	1.347
4157	4167	2	2.084	1.037
4167	4173	2	1.099	0.140
4173	4324	1	0.981	3.531
4173	4185	2	1.038	0.334
4185	4324	2	1.584	3.033
4203	4324	3	1.208	2.212
4226	4324	4	1.409	2.012
4270	4324	5	1.868	1.826
4270	4283	6	1.391	0.376
4283	4324	6	2.693	1.110
4283	4315	7	1.725	0.128
4324	4339	1	2.180	1.516
4339	4412	1	0.611	9.783
4339	4391	2	0.658	7.397
4339	4382	3	1.016	5.817
4339	4351	4	1.856	1.449
4351	4382	4	1.007	4.009
4351	4373	5	2.847	2.044
4373	4382	5	2.219	1.637
4382	4391	3	2.251	1.470
4391	4405	2	1.781	1.082
4405	4412	2	1.762	1.214
4412	4471	1	1.106	3.309
4412	4458	2	2.554	2.564
4412	4450	3	2.412	0.982
4450	4458	3	1.245	0.041
4458	4471	2	1.377	0.642
4471	4497	1	1.459	2.030
4471	4477	2	1.874	0.940
4477	4497	2	1.701	0.537
4497	4639	1	1.032	6.044
4497	4612	2	1.189	5.318
4497	4513	3	1.177	1.353
4497	4504	4	2.088	0.835
4504	4513	4	1.557	0.318
4513	4564	3	1.738	2.369
4513	4520	4	1.533	0.514
4520	4564	4	1.583	1.355
4520	4531	5	1.426	0.068
4531	4554	5	2.211	0.970
4564	4612	3	1.485	1.439
4564	4576	4	1.254	0.462
4576	4612	4	1.838	0.701
4612	4639	2	1.363	0.659
4639	4647	1	2.710	2.156
4647	4653	1	2.161	1.672
4653	4669	1	2.101	1.420
4669	4760	1	1.184	6.964
4669	4688	2	1.661	0.762
4688	4734	2	1.231	3.620
4688	4697	3	1.523	0.455
4697	4734	3	1.467	3.059
4697	4709	4	2.055	0.651
4709	4721	4	2.458	1.054
4721	4734	4	1.955	0.928
4734	4760	2	1.144	2.461
4734	4743	3	2.102	1.181
4743	4760	3	2.120	1.001
4760	4785	1	0.723	5.199
4760	4774	2	1.479	3.314
4760	4768	3	2.649	1.310
4768	4774	3	2.464	1.265
4774	4785	2	2.457	1.661
4785	4820	1	1.291	2.738
4785	4800	2	1.953	0.877
4800	4820	2	2.066	1.432
4800	4807	3	2.083	0.541
4820	4836	1	0.955	2.551
4820	4829	2	2.045	1.124
4829	4836	2	2.260	1.123
4836	4864	1	0.717	4.799
4836	4854	2	1.099	3.159
4836	4844	3	2.673	1.528
4844	4854	3	2.447	1.349
4854	4864	2	2.272	1.630
