2	50725000	50775000	0.116221584920184	0.454994984500986
2	20825000	20875000	0.114805707425336	0.439128457852141
2	112475000	112525000	0.108850179027517	0.433325953942381
2	163975000	164025000	0.106771749822066	0.435176341525858
2	148675000	148725000	0.101890011144122	0.433594687025552
2	235425000	235475000	0.101838892806608	0.431406743200661
2	209225000	209275000	0.101253387694903	0.435219254193733
2	181925000	181975000	0.1000899144394	0.437955696710851
2	65775000	65825000	0.100026734485383	0.427951837536715
2	200825000	200875000	0.0997972978143358	0.434534210991892
2	190275000	190325000	0.0995202834207162	0.42955406347775
2	237975000	238025000	0.0994667036705031	0.431188102392073
2	121825000	121875000	0.0994058460482786	0.423394041098123
2	27875000	27925000	0.0975642646956185	0.426636562748171
2	138575000	138625000	0.0973581804899842	0.436994293955542
2	213425000	213475000	0.0967553034003868	0.433079014313656
2	156175000	156225000	0.0945923553664275	0.434420502741293
2	43025000	43075000	0.0937653406420548	0.421618897038222
2	15725000	15775000	0.0937187370620747	0.43467242126772
2	149825000	149875000	0.0934721620554848	0.426595290439796
2	139575000	139625000	0.0933549210137025	0.432182618140604
2	108775000	108825000	0.0931963262049877	0.42586676017023
2	150425000	150475000	0.0923459621449402	0.429735728782742
2	42025000	42075000	0.091272954566772	0.417522365819012
2	217525000	217575000	0.0908272046057641	0.42701325435474
2	1525000	1575000	0.0904671023444517	0.422070122557597
2	114725000	114775000	0.0902733115077328	0.413651957685891
2	223475000	223525000	0.0890205286363119	0.415619324609086
2	199175000	199225000	0.0885644568313991	0.427027021305689
2	62625000	62675000	0.0882547241184337	0.420112832253119
2	153575000	153625000	0.0862233725650876	0.426358052827525
2	177975000	178025000	0.0860469834616489	0.428045123906124
2	39975000	40025000	0.0854301878207724	0.412469828793141
2	13125000	13175000	0.0852347611528493	0.418028973728159
2	1825000	1875000	0.085015410383537	0.419294264098973
2	47975000	48025000	0.0846078062894152	0.414457597675399
2	226525000	226575000	0.084598151460696	0.425630033193026
2	65075000	65125000	0.0845901040529382	0.417333166029946
2	216775000	216825000	0.0844613506978752	0.423278335143867
2	121425000	121475000	0.0844360752709817	0.419355718320185
2	163175000	163225000	0.0840704897366281	0.417397627406306
2	236025000	236075000	0.0840121064116113	0.422038039933992
2	134575000	134625000	0.0839728551422569	0.418483810068826
2	85825000	85875000	0.0832743582598547	0.405704423614021
2	101575000	101625000	0.0830229280642187	0.411609035688134
2	198225000	198275000	0.0823863218495147	0.416134101948236
2	85525000	85575000	0.0821389426773861	0.404848522359081
2	208325000	208375000	0.0821199425437684	0.412722899558625
2	155225000	155275000	0.0820076756830955	0.426686505185865
2	196925000	196975000	0.0816832382822243	0.414298549739242
2	223775000	223825000	0.0815921677940695	0.409694706468112
2	182575000	182625000	0.0814758034295623	0.413718718952983
2	43775000	43825000	0.0811608113052758	0.413501270242704
2	135675000	135725000	0.0811373631398644	0.421385884402883
2	47625000	47675000	0.0810338775391706	0.407244178909887
2	230575000	230625000	0.0805102387108826	0.420169912433012
2	142875000	142925000	0.0805032613256101	0.419098142819106
2	143725000	143775000	0.0803917288572744	0.414660086154934
2	173325000	173375000	0.0797128176121297	0.407993014362951
2	225125000	225175000	0.0796266450457809	0.412340355740571
2	192375000	192425000	0.0795607574489531	0.413192022557337
2	75875000	75925000	0.0792730645104642	0.415988659730022
2	88975000	89025000	0.078862384802313	0.396354074308911
2	165825000	165875000	0.0788528070199931	0.415444172325916
2	19525000	19575000	0.078824301050447	0.420213475391129
2	70475000	70525000	0.0786592889982873	0.410665423147953
2	122475000	122525000	0.0785580053001845	0.412564945963601
2	119575000	119625000	0.078551665257918	0.414735294560237
2	20075000	20125000	0.0779760482242131	0.413845782251025
2	96625000	96675000	0.0779592502535892	0.398809107913774
2	72375000	72425000	0.0776957770673566	0.411915109189754
2	118525000	118575000	0.0776800523119505	0.42516695194397
2	222825000	222875000	0.0775845088027648	0.414612474287645
2	47525000	47575000	0.0774867241518312	0.402414042640698
2	30925000	30975000	0.0774101140120989	0.416119915780773
2	62125000	62175000	0.0773572476174318	0.411462127178644
2	122125000	122175000	0.0772892438534377	0.400771656255643
2	176925000	176975000	0.0771456639953066	0.417529758355095
2	56375000	56425000	0.0768701287249646	0.411676855155132
2	224825000	224875000	0.0768539190937926	0.408459849556502
2	218625000	218675000	0.0766122268220499	0.407964891878724
2	214075000	214125000	0.0762576956157114	0.416270362792632
2	131075000	131125000	0.0761626076191518	0.397309715471956
2	10525000	10575000	0.0759669836275707	0.40739892874091
2	107175000	107225000	0.0759480028215746	0.417566787338844
2	46175000	46225000	0.0759078701515348	0.411263548674066
2	43425000	43475000	0.0758256970908425	0.405559705059561
2	11925000	11975000	0.075700309337919	0.415165979417025
2	147425000	147475000	0.0755125523566649	0.415955231561022
2	3725000	3775000	0.0755094258869891	0.41770689731934
2	172975000	173025000	0.0754497219287681	0.404205506431703
2	231675000	231725000	0.0749413012997385	0.408768288190882
2	30375000	30425000	0.0749231634093901	0.406675251063796
2	222425000	222475000	0.0749018753428463	0.415863671876139
2	187325000	187375000	0.0748299197018182	0.417609361506774
2	40975000	41025000	0.0748164248147324	0.401470587874843
2	55875000	55925000	0.0747716087941214	0.400707870046444
2	33875000	33925000	0.0745647948216399	0.411689724386084
2	12825000	12875000	0.0745191276040347	0.406452349899271
2	229525000	229575000	0.0743684003691007	0.417226943320029
2	96425000	96475000	0.0742496848763312	0.389033236011368
2	27575000	27625000	0.0738263505446128	0.400999508253243
2	170275000	170325000	0.073556802879982	0.409674247540302
2	55425000	55475000	0.0734841983374572	0.406325022631153
2	102475000	102525000	0.0734812017703749	0.407702273058326
2	188325000	188375000	0.0732778343766037	0.413868126379135
2	183525000	183575000	0.0732476495889222	0.405973535369329
2	208925000	208975000	0.073172199301099	0.406816520119338
2	105925000	105975000	0.072966345761501	0.404324139403445
2	38475000	38525000	0.0727753482850124	0.399494467680938
2	45175000	45225000	0.0725077401926016	0.416508888123594
2	29425000	29475000	0.0722944534900741	0.401816448212994
2	39475000	39525000	0.0722919856744592	0.401006616370769
2	143375000	143425000	0.0721011281450661	0.404825764074147
2	11275000	11325000	0.0718142371932612	0.403751610399026
2	131825000	131875000	0.0714749775688197	0.402842524793417
2	201725000	201775000	0.0714148435424573	0.408539463181013
2	216175000	216225000	0.070891453395073	0.404405486860155
2	210175000	210225000	0.0707588330160424	0.407837126173173
2	29125000	29175000	0.0704785687828819	0.398237047196626
2	53975000	54025000	0.0698698473381547	0.411450470290014
2	9525000	9575000	0.069678864187576	0.404120054890369
2	8825000	8875000	0.0694152602596738	0.408665912989466
2	203375000	203425000	0.0692411461298246	0.401920478185329
2	101175000	101225000	0.0691611999843062	0.402385831274251
2	206525000	206575000	0.0688615916842822	0.403948647231038
2	64075000	64125000	0.0685531889506273	0.394876457651631
2	42275000	42325000	0.0681643788553347	0.394551493930238
2	10925000	10975000	0.0681023518741435	0.398713049530124
2	20525000	20575000	0.0680570683984467	0.393890598726648
2	85075000	85125000	0.0680535154628695	0.400818813501356
2	202625000	202675000	0.0680155820197343	0.402831965643967
2	158875000	158925000	0.0679486596857752	0.41104018436825
2	241375000	241425000	0.0679342256228571	0.401018658392233
2	68275000	68325000	0.0677632341257874	0.406197273420434
2	189375000	189425000	0.0676493724482192	0.412209229802827
2	11575000	11625000	0.0675464505318804	0.402958422294572
2	101825000	101875000	0.0675311336323089	0.400018520108817
2	175225000	175275000	0.0674588814343809	0.400915458004155
2	96525000	96575000	0.0674124648630236	0.385229169260635
2	197625000	197675000	0.0671962281239907	0.398882971466744
2	137125000	137175000	0.0671417615840648	0.407025770547608
2	227625000	227675000	0.0668488130534258	0.407459392160252
2	44225000	44275000	0.0666071806033506	0.402298790786261
2	86375000	86425000	0.0666006180060384	0.402278514547507
2	48325000	48375000	0.066567748575209	0.398922429881518
2	228725000	228775000	0.0665189938424053	0.408931703395466
2	10175000	10225000	0.0664345623780418	0.399928750024935
2	25425000	25475000	0.066372223745794	0.395650601465311
2	236675000	236725000	0.0660738698775694	0.405099545737663
2	132575000	132625000	0.066069552385273	0.40267902137919
2	68675000	68725000	0.0659795833611448	0.403464864544074
2	10775000	10825000	0.065741233867117	0.396659899319607
2	178625000	178675000	0.0656186025623975	0.402800320559211
2	171775000	171825000	0.065607051230519	0.405706928469156
2	61225000	61275000	0.0649917529285078	0.400602310727004
2	169775000	169825000	0.0648905713564987	0.40293204913214
2	38725000	38775000	0.0647529018720261	0.390566533570428
2	135175000	135225000	0.0647406362748826	0.400055831667158
2	62975000	63025000	0.064556802289147	0.398574226621751
2	183025000	183075000	0.0641891477458972	0.396148597899293
2	196525000	196575000	0.0641336989591654	0.401417597724829
2	206825000	206875000	0.0636264169659149	0.403372577838852
2	28975000	29025000	0.0634750736581297	0.389822155699248
2	38075000	38125000	0.0633945208780208	0.393907985727245
2	16675000	16725000	0.0633038278484038	0.399850533026155
2	73475000	73525000	0.0632710110490712	0.39440499888452
2	238675000	238725000	0.0630942984973271	0.397252014004671
2	180975000	181025000	0.0630393383998836	0.406964603986652
2	40425000	40475000	0.0630381836556014	0.389904359567454
2	36525000	36575000	0.0627045736902092	0.404637718440794
2	47125000	47175000	0.0625833375942183	0.39519196002379
2	97175000	97225000	0.0624874173616908	0.393639195402499
2	201325000	201375000	0.0624055250005506	0.39544855449001
2	203075000	203125000	0.062327129583404	0.395607016387779
2	65425000	65475000	0.0622457545004471	0.39138969085146
2	204075000	204125000	0.0620316038008736	0.39575097575764
2	109325000	109375000	0.0619786384752358	0.397922360638818
2	99225000	99275000	0.0618410083910991	0.401594259022587
2	100125000	100175000	0.0616699878353961	0.40639798705249
2	208575000	208625000	0.0616459882149035	0.393849273542586
2	113325000	113375000	0.0615471252049831	0.395464194616669
2	232275000	232325000	0.0614192118479585	0.39770952707469
2	64525000	64575000	0.0614120383580919	0.391950629481702
2	240925000	240975000	0.0612839533397859	0.397619140005596
2	7225000	7275000	0.0612526270195215	0.397514506814606
2	60875000	60925000	0.061202592039378	0.398387176181061
2	220575000	220625000	0.0610206239463645	0.407513074073879
2	69525000	69575000	0.0608493211276442	0.398363466194457
2	198625000	198675000	0.0608385830984975	0.398502434842263
2	189925000	189975000	0.0608254241234914	0.391802121259808
2	196175000	196225000	0.0608047468261894	0.398956958397111
2	48675000	48725000	0.0607925198504735	0.395630260519455
2	124725000	124775000	0.0607620257061819	0.405499771582415
2	106125000	106175000	0.060691688567467	0.393706112542391
2	71725000	71775000	0.0606584883296223	0.4043057916725
2	80125000	80175000	0.0605753649357378	0.402793432271527
2	17825000	17875000	0.0602145292252914	0.393840246577447
2	172275000	172325000	0.0599014316100474	0.398249875155424
2	178925000	178975000	0.0599013629377657	0.396755054993164
2	162775000	162825000	0.0598334774229705	0.397705883227739
2	151325000	151375000	0.059717713245156	0.403968913172486
2	207975000	208025000	0.0597011668637772	0.395923733398656
2	153025000	153075000	0.0596747381549482	0.399118088866238
2	64225000	64275000	0.0596502194000809	0.387378595575286
2	217325000	217375000	0.0595250090527155	0.392492276156593
2	85225000	85275000	0.0594709192926723	0.388884311212228
2	73075000	73125000	0.0593202914833935	0.389929729902193
2	130675000	130725000	0.0592870893773037	0.38737203215481
2	211075000	211125000	0.0591894015945589	0.397180160442662
2	163675000	163725000	0.0591035059930293	0.385332646664343
2	6925000	6975000	0.0590648384839593	0.395845758371221
2	45775000	45825000	0.0590309926420125	0.396176322707395
2	175575000	175625000	0.0589209658313016	0.38992565045993
2	177475000	177525000	0.0588204432608315	0.400576437917887
2	173625000	173675000	0.0587833648934173	0.391409070606597
2	166725000	166775000	0.0587381698214907	0.393778346449808
2	194475000	194525000	0.0585713713537416	0.394300067997627
2	86025000	86075000	0.058470355103595	0.384996942846297
2	161825000	161875000	0.0584674234324052	0.39906129362985
2	18575000	18625000	0.0582796161836029	0.394529537971551
2	189825000	189875000	0.0581985929636293	0.393293600001061
2	191875000	191925000	0.0581536766617653	0.406869786244861
2	66775000	66825000	0.0581255929695232	0.400003215253495
2	168975000	169025000	0.0580901388819489	0.400857052120685
2	66625000	66675000	0.0579962253794661	0.397413079541339
2	103325000	103375000	0.0576887194096088	0.398575893083199
2	63775000	63825000	0.0576558703035508	0.390572124625554
2	38975000	39025000	0.0576291707440766	0.384736282061136
2	70825000	70875000	0.0575232053119893	0.397845116783185
2	132875000	132925000	0.0575187233926628	0.392762437392786
2	231925000	231975000	0.0574348545460455	0.389408761590155
2	57725000	57775000	0.0574206522453108	0.407300359808794
2	16925000	16975000	0.0572955967166432	0.396348775262944
2	113675000	113725000	0.0572441483018368	0.381189606344737
2	70125000	70175000	0.0572023069576345	0.388681352657399
2	86275000	86325000	0.0571856576245038	0.38982409566229
2	112825000	112875000	0.0570666958382967	0.389797357734877
2	56225000	56275000	0.0570568754378567	0.387075607785895
2	232675000	232725000	0.0568637578251832	0.399725292606523
2	74875000	74925000	0.0568270977800581	0.388927943839645
2	64775000	64825000	0.0568161181021201	0.389696555016066
2	17975000	18025000	0.0568024106125889	0.390590350767152
2	133925000	133975000	0.0567535253164356	0.405886069202377
2	202075000	202125000	0.0565849594915173	0.394250438070867
2	84525000	84575000	0.0565847955650359	0.394978596966582
2	32025000	32075000	0.0563845305421279	0.401820981260732
2	169175000	169225000	0.056327061247078	0.395424691240069
2	165525000	165575000	0.0557736120708807	0.395594452403541
2	172375000	172425000	0.0556114129035666	0.39247395471934
2	160575000	160625000	0.0555945568142278	0.39685532854985
2	169575000	169625000	0.0550957693253999	0.392383553671282
2	42575000	42625000	0.0550527968201995	0.382026488423608
2	113475000	113525000	0.0548754355986024	0.386674102554192
2	160025000	160075000	0.0548021387329168	0.391442007529763
2	152075000	152125000	0.054776535413378	0.400129200538137
2	25025000	25075000	0.0547738609032776	0.389656374170922
2	54325000	54375000	0.0545675673533406	0.394369710674108
2	132975000	133025000	0.0545611476598023	0.39290219291082
2	28625000	28675000	0.0545166451436832	0.390622275286174
2	96925000	96975000	0.0544551561386376	0.381568730224974
2	26375000	26425000	0.0543225673609762	0.387762124858865
2	84025000	84075000	0.0541092183069533	0.393709065414177
2	217025000	217075000	0.0540268756708661	0.390184897688624
2	25775000	25825000	0.0539021664547877	0.384382023135839
2	98975000	99025000	0.0538227553946908	0.39465903957
2	175875000	175925000	0.053670749210075	0.385496210452664
2	166225000	166275000	0.0536205149739885	0.388618325711797
2	113825000	113875000	0.0535969126568998	0.367880959786863
2	176525000	176575000	0.053563342268821	0.391984856108903
2	54925000	54975000	0.0534767856173211	0.39004714131395
2	234325000	234375000	0.0533877299137347	0.383797070163716
2	234175000	234225000	0.0532465371091674	0.385467703252728
2	233675000	233725000	0.053179521422102	0.392157572985621
2	193025000	193075000	0.0531577010984792	0.394704107995181
2	233375000	233425000	0.0531547742667904	0.397191409166861
2	167325000	167375000	0.0528286530517119	0.392663969485985
2	157175000	157225000	0.0528130960688813	0.39166476291737
2	33225000	33275000	0.0525976897622705	0.389533821961066
2	157725000	157775000	0.0524064376591175	0.39366013962796
2	228175000	228225000	0.0523763066106034	0.390406166110711
2	41575000	41625000	0.0523201709308047	0.378743047243561
2	158075000	158125000	0.0521415802032537	0.396115669968958
2	28775000	28825000	0.0521167647428665	0.381802707475484
2	159725000	159775000	0.0520513590492069	0.394878376064565
2	27275000	27325000	0.0519791311632228	0.383859234712973
2	157425000	157475000	0.0518204375563713	0.39144470105235
2	152875000	152925000	0.051819445381931	0.390965413399578
2	147775000	147825000	0.0518053595395851	0.387342728755907
2	34775000	34825000	0.0517493039354098	0.395689316193813
2	37625000	37675000	0.0516530604165081	0.39096898957707
2	69125000	69175000	0.0515538662252067	0.389122485020566
2	187675000	187725000	0.0512301161762625	0.397386845756411
2	204675000	204725000	0.0508905309082714	0.385946645261798
2	162975000	163025000	0.0508562018978883	0.387022538366912
2	26975000	27025000	0.0508326696002704	0.38741971899114
2	39225000	39275000	0.0507661786933374	0.379166769629054
2	204325000	204375000	0.0507381411286315	0.385066748210714
2	35625000	35675000	0.0506317659386222	0.389239000261752
2	179275000	179325000	0.0500886368396793	0.389612824057663
2	219125000	219175000	0.0500626298386826	0.38842221296446
2	204775000	204825000	0.0499383314176822	0.385112717917336
2	205175000	205225000	0.0498454330166742	0.385492908100837
2	103425000	103475000	0.0498221279121527	0.392841206047879
2	170775000	170825000	0.0495561561782136	0.390478083007587
2	9875000	9925000	0.0493259638445279	0.385451563596987
2	61725000	61775000	0.0490969031312001	0.384273911167787
2	26025000	26075000	0.0490930310770293	0.38043108701632
2	34275000	34325000	0.0490772552665308	0.388821976049831
2	210825000	210875000	0.0490426189132785	0.386039968080411
2	46825000	46875000	0.0485201494983415	0.386466583740904
2	9225000	9275000	0.048409515302584	0.383044611757532
2	127775000	127825000	0.0483984160678296	0.396489039560416
2	194825000	194875000	0.0482193367936315	0.383791479177667
2	188675000	188725000	0.0482125157322938	0.384459084671786
2	25175000	25225000	0.0481441390473331	0.379355219253135
2	106675000	106725000	0.0480378898957851	0.394435170983052
2	195675000	195725000	0.0480139285456198	0.387406586981196
2	166975000	167025000	0.0479789020408373	0.383040261614409
2	216925000	216975000	0.0479588680496265	0.385180475038678
2	75625000	75675000	0.047926586432343	0.382836539452239
2	190625000	190675000	0.0479113781396545	0.387105616798368
2	203725000	203775000	0.0478793095903933	0.380745752371717
2	74025000	74075000	0.0477138263018301	0.385498403753038
2	24575000	24625000	0.0476791352443774	0.392807456623811
2	241075000	241125000	0.0475729592586375	0.381160560615325
2	75075000	75125000	0.0475411644828747	0.379019466006523
2	237075000	237125000	0.0475274915013147	0.38884780505081
2	73925000	73975000	0.0474536103475386	0.384028989686791
2	97475000	97525000	0.0473809998737003	0.382625690760682
2	88825000	88875000	0.047276216120705	0.368284193142576
2	149225000	149275000	0.0471693336107492	0.379101431364587
2	154325000	154375000	0.0471545926972393	0.386993344047962
2	215775000	215825000	0.0470615214978455	0.382950631494604
2	210425000	210475000	0.0470124139210466	0.384562142038659
2	109725000	109775000	0.0469222076630719	0.375035194024566
2	71225000	71275000	0.046833893517282	0.397039294616927
2	234725000	234775000	0.0467711700997869	0.381615735660688
2	185475000	185525000	0.0466818619509314	0.392554138554161
2	58775000	58825000	0.0466102485180106	0.384860717257529
2	179975000	180025000	0.0465918702709291	0.385350020280892
2	84675000	84725000	0.0465781658786377	0.385617152605065
2	221525000	221575000	0.0463589059642965	0.39512053687522
2	675000	725000	0.0463320022640055	0.391498002958643
2	61375000	61425000	0.046308941285236	0.381789434155159
2	209675000	209725000	0.0463071960721287	0.38135372356892
2	152325000	152375000	0.0463030108427093	0.389235075114443
2	188425000	188475000	0.046266684037776	0.38373107864844
2	220225000	220275000	0.0462605447065784	0.39119960324445
2	65275000	65325000	0.0462471753895406	0.376933594151694
2	190475000	190525000	0.046242844127961	0.381511171957383
2	74375000	74425000	0.0462371895314495	0.384570441449139
2	15275000	15325000	0.046151499665329	0.387308048852854
2	44075000	44125000	0.045991765400889	0.380566325168639
2	174925000	174975000	0.045975278531327	0.382857323674228
2	174225000	174275000	0.0459353615951748	0.38856436361323
2	46575000	46625000	0.0458171158798738	0.382167601617319
2	74625000	74675000	0.0457968723628983	0.381013921351537
2	233175000	233225000	0.0456519523940431	0.390864714920717
2	18325000	18375000	0.0456121782815487	0.38058445627451
2	211875000	211925000	0.045537565773745	0.389662121700492
2	218925000	218975000	0.0454623779623612	0.378251019294034
2	128225000	128275000	0.045376065638959	0.389799799254555
2	21225000	21275000	0.0452402856101162	0.381362056339976
2	105475000	105525000	0.0451258543963988	0.384484218328937
2	102825000	102875000	0.0450733801818515	0.378438280142619
2	162425000	162475000	0.0450188029209974	0.383893853502015
2	136475000	136525000	0.0448662814192967	0.392345390096871
2	18675000	18725000	0.0448429086393014	0.381603887945245
2	32975000	33025000	0.0448276509536535	0.382706461433999
2	60775000	60825000	0.0445681890847807	0.38247475393377
2	100825000	100875000	0.0444731852711058	0.387487325131011
2	174075000	174125000	0.0444589651145938	0.384127845623374
2	231025000	231075000	0.0442393523228085	0.382462371453337
2	122275000	122325000	0.0440377746816359	0.371113697435961
2	121075000	121125000	0.0439811706842062	0.388465830732848
2	69225000	69275000	0.0438909651240659	0.381415742223219
2	234825000	234875000	0.0438548126546495	0.382124874800063
2	240025000	240075000	0.0436377550519078	0.383049461467427
2	150975000	151025000	0.0434735472833341	0.386889935345008
2	192675000	192725000	0.0433750591758607	0.378261168042072
2	176025000	176075000	0.0432074797198899	0.376904528408359
2	46675000	46725000	0.043205893771545	0.380194758911037
2	9675000	9725000	0.0431707641934467	0.379148882747152
2	180225000	180275000	0.0431217990364184	0.379695878440901
2	176175000	176225000	0.0430525080542103	0.37862114418856
2	172625000	172675000	0.0430270101162047	0.376417393527404
2	162025000	162075000	0.0429166426387609	0.382937572964064
2	197175000	197225000	0.0429001463070522	0.373994379760729
2	40675000	40725000	0.0426860493440974	0.369455855777885
2	32825000	32875000	0.0426495869730608	0.382007767809992
2	30025000	30075000	0.0426348174918846	0.373565291961006
2	182275000	182325000	0.0425550273747676	0.377257853824989
2	152425000	152475000	0.042537240272427	0.384448434807228
2	83425000	83475000	0.0425198380635259	0.386584237860178
2	148075000	148125000	0.0422410559681821	0.37650086073954
2	111525000	111575000	0.0422326941809503	0.368751005862537
2	227975000	228025000	0.0421399662744728	0.379355273210336
2	44575000	44625000	0.0421295952451682	0.383560997222413
2	54725000	54775000	0.0419048968898478	0.379572844616679
2	170625000	170675000	0.0417354319586263	0.378911839550242
2	114475000	114525000	0.0417024840753922	0.349903182771424
2	239125000	239175000	0.0416011848826019	0.380468581579293
2	105625000	105675000	0.0415512365136513	0.378242743682658
2	166575000	166625000	0.0415254169321529	0.376552883793318
2	227825000	227875000	0.041487550063853	0.379810965179181
2	72975000	73025000	0.0413375674068873	0.372462704926201
2	232775000	232825000	0.0412864196938316	0.38126407622282
2	69725000	69775000	0.0411806256946361	0.378848873481591
2	14775000	14825000	0.0410966646759114	0.38632406543504
2	49125000	49175000	0.0409404332838921	0.382880959640128
2	69925000	69975000	0.0408625961933272	0.376519144191266
2	230775000	230825000	0.0406520946856851	0.379673255255992
2	144025000	144075000	0.0406302508757646	0.379855800730279
2	148975000	149025000	0.0405151596394104	0.371905879833942
2	207625000	207675000	0.0405101407349308	0.387621714421747
2	72775000	72825000	0.0404682018774397	0.372624737597781
2	3375000	3425000	0.0404222276198911	0.381664394760884
2	101325000	101375000	0.0404096681647072	0.367814639393574
2	211275000	211325000	0.0403233593357421	0.379822790741965
2	193575000	193625000	0.0402920482757487	0.384147470668912
2	140525000	140575000	0.0400391425633688	0.384274903758649
2	186125000	186175000	0.0399238091519097	0.387126166827169
2	68925000	68975000	0.0397882126099046	0.377444514797675
2	236475000	236525000	0.0397248459147159	0.379196433152557
2	108125000	108175000	0.0396391988353703	0.376758714989135
2	171225000	171275000	0.0395350983695357	0.381428917533687
2	165375000	165425000	0.0394774214479588	0.380912999293987
2	42675000	42725000	0.039389762037476	0.366558979150387
2	60325000	60375000	0.0393421953635826	0.382298586602773
2	134825000	134875000	0.0392505717454696	0.374096626866083
2	225975000	226025000	0.0392234728148431	0.377734415129233
2	165275000	165325000	0.0391567927913465	0.381668862312954
2	118775000	118825000	0.039095577538142	0.388831067800002
2	75275000	75325000	0.039075834226025	0.371802009021036
2	160875000	160925000	0.0389771316582579	0.38508122236257
2	63225000	63275000	0.0389417794083662	0.37805591168852
2	141625000	141675000	0.0388803704901424	0.38867649809603
2	33575000	33625000	0.03882460332419	0.37586239564295
2	191175000	191225000	0.0387998451103428	0.381832349116322
2	120025000	120075000	0.0385810207184684	0.379677161091383
2	73825000	73875000	0.0385680941075749	0.373934275334871
2	86675000	86725000	0.0385634525723414	0.364750371707613
2	211475000	211525000	0.0384726156981368	0.37948071966248
2	224525000	224575000	0.0384592238574018	0.379261543875852
2	225625000	225675000	0.0383686671436497	0.377644255311133
2	99725000	99775000	0.0383192323878266	0.383049237259362
2	36725000	36775000	0.0381724856857738	0.377999644261867
2	20275000	20325000	0.0381287656232458	0.369537964672898
2	225875000	225925000	0.0381256490724812	0.376134490050251
2	67425000	67475000	0.0380974513349695	0.386797773644591
2	180575000	180625000	0.038070885497006	0.380319477536504
2	86575000	86625000	0.03802936858333	0.370481505673541
2	205525000	205575000	0.037975315514075	0.37887397640799
2	240275000	240325000	0.0378730236140937	0.380154861239424
2	37025000	37075000	0.0378245468261267	0.385159426725397
2	238325000	238375000	0.0376881754339852	0.36818782813855
2	217975000	218025000	0.03768080646037	0.380916468489553
2	219525000	219575000	0.0375642585584089	0.37842530259032
2	190925000	190975000	0.0374287475962582	0.380516030028503
2	23975000	24025000	0.037332241071265	0.389763169300359
2	13525000	13575000	0.0373026929614567	0.378931424464154
2	192225000	192275000	0.037261937093268	0.376242946871619
2	197925000	197975000	0.0371812160138164	0.369262965949288
2	136725000	136775000	0.0371784028271777	0.381736319307048
2	239925000	239975000	0.0371181314351216	0.375381785366717
2	200325000	200375000	0.0370274783398148	0.383156501192422
2	234625000	234675000	0.0368615148797918	0.368280583856181
2	195375000	195425000	0.0368347369003244	0.375701104371524
2	228375000	228425000	0.0368099130267718	0.376418335136745
2	238475000	238525000	0.0367981566253899	0.368865550531146
2	103025000	103075000	0.0367037425772496	0.372240952397051
2	16775000	16825000	0.0364697460535732	0.372334778139295
2	44675000	44725000	0.0364528309780661	0.380195603644897
2	237225000	237275000	0.0364359384166609	0.380608278877742
2	102025000	102075000	0.0364263846205455	0.372034794179128
2	146475000	146525000	0.036395939294544	0.382298783251026
2	58975000	59025000	0.0363379756525872	0.377145924254365
2	149375000	149425000	0.0361757719063116	0.368432696195733
2	132425000	132475000	0.0361234857264302	0.376080269403862
2	187075000	187125000	0.0359567870402761	0.379606687328772
2	26675000	26725000	0.0359380051867432	0.372207446988645
2	53425000	53475000	0.0359217273647973	0.380744325403084
2	218375000	218425000	0.0358990492882016	0.371822097795841
2	239225000	239275000	0.0358125164680401	0.375727226494117
2	219825000	219875000	0.0356518164232925	0.374864382536748
2	223125000	223175000	0.0355755695118679	0.368756118586342
2	137625000	137675000	0.0355160776906487	0.375075546556065
2	203925000	203975000	0.0354899351954411	0.368843766077017
2	173875000	173925000	0.0354677002163509	0.371714663398162
2	235025000	235075000	0.0354478614909002	0.373074211901411
2	109175000	109225000	0.0354154178992435	0.374295665988608
2	194075000	194125000	0.0353476386791512	0.374688213433827
2	182775000	182825000	0.0353442845168404	0.36692051685673
2	214625000	214675000	0.0353440497130953	0.380466238711672
2	98775000	98825000	0.0349571403856767	0.376659851396043
2	134275000	134325000	0.0348927013265044	0.375122040416514
2	17625000	17675000	0.0348387781116957	0.37045527621929
2	229975000	230025000	0.0347461382278683	0.376260715151628
2	212025000	212075000	0.0346936263289767	0.380048793520477
2	72625000	72675000	0.0345402475420142	0.367470331913127
2	150125000	150175000	0.0344890804604874	0.368261861915966
2	139125000	139175000	0.0344602518232444	0.37056264711277
2	179625000	179675000	0.0343968695487045	0.378881445999953
2	187525000	187575000	0.0343591116909968	0.379068432224634
2	129025000	129075000	0.0343374270316212	0.387460199897707
2	15025000	15075000	0.0343311361542937	0.376843718385298
2	195025000	195075000	0.0343174036047988	0.371087446020531
2	32375000	32425000	0.0342430479543215	0.378039339861013
2	241775000	241825000	0.0341259365152095	0.373195480542751
2	58375000	58425000	0.0341066817201279	0.378305196584002
2	31375000	31425000	0.0340605425135757	0.378056874912409
2	204875000	204925000	0.0340271756403637	0.369319834286145
2	161925000	161975000	0.0340147155101286	0.374322115771502
2	151475000	151525000	0.0339739787996653	0.379222590471944
2	169975000	170025000	0.0339020550953935	0.371745159628365
2	17475000	17525000	0.0337640053841219	0.372528897427284
2	104575000	104625000	0.0336118003068082	0.381203834406734
2	98375000	98425000	0.0333586741107348	0.373628766708125
2	77125000	77175000	0.0333406091425392	0.380927919938838
2	32575000	32625000	0.0333035952404229	0.375127393338332
2	220025000	220075000	0.0332781465250753	0.373744457906459
2	162225000	162275000	0.0332360272701556	0.372684017723316
2	146225000	146275000	0.0332324518811314	0.379024181227561
2	7525000	7575000	0.033224353074175	0.375925026294243
2	231475000	231525000	0.0329460480113419	0.368255498780112
2	79175000	79225000	0.032820093329215	0.38421661455057
2	26575000	26625000	0.032819682155652	0.368145829189549
2	183875000	183925000	0.0328098876106371	0.382112108443554
2	18925000	18975000	0.032799264184326	0.370975135319763
2	164875000	164925000	0.032654297268137	0.379207262794647
2	80475000	80525000	0.0324888229009315	0.373359452397616
2	33475000	33525000	0.0324153271198467	0.369424073690046
2	3975000	4025000	0.0324054536001682	0.378705993909724
2	178275000	178325000	0.0323970553240925	0.372132648393322
2	239675000	239725000	0.0322231248626468	0.372309250593599
2	168075000	168125000	0.0321466062249044	0.383135363658537
2	102575000	102625000	0.0320571153232759	0.365035484750497
2	192525000	192575000	0.031994082508451	0.363264186221308
2	212575000	212625000	0.0319869333493462	0.381934804916391
2	11775000	11825000	0.0318886596040547	0.369617030404697
2	230125000	230175000	0.0318878517086688	0.372949530734492
2	23575000	23625000	0.0318590791370403	0.383702011565693
2	21575000	21625000	0.0318090475065994	0.378614472026764
2	206175000	206225000	0.0318037461093652	0.376200311964285
2	196775000	196825000	0.0317410823137373	0.366934265720304
2	129475000	129525000	0.0317186101421227	0.381191815786703
2	120925000	120975000	0.0316525594448203	0.380236512493222
2	138825000	138875000	0.0316133279926255	0.365811608841942
2	133075000	133125000	0.031609798273273	0.373048174775186
2	142625000	142675000	0.031592678377282	0.373122682652986
2	31625000	31675000	0.0314684603214205	0.376018684381704
2	160225000	160275000	0.0313967662426445	0.369372840942844
2	72025000	72075000	0.0313768946544988	0.367787443260363
2	132125000	132175000	0.0311464581641375	0.368525549597167
2	206975000	207025000	0.0311208305077585	0.379515886838947
2	128025000	128075000	0.0310124241914522	0.373991704892808
2	88475000	88525000	0.030973100906961	0.356027832483059
2	115875000	115925000	0.0309341056037155	0.381597069399336
2	16075000	16125000	0.0308894617079587	0.371526205437884
2	80725000	80775000	0.0307491100308213	0.375767874160768
2	66125000	66175000	0.0307133972891967	0.363370397856634
2	202225000	202275000	0.0307004016395446	0.367588854322044
2	72125000	72175000	0.0305571285887618	0.366194465006333
2	37275000	37325000	0.0304723785603906	0.378397823281696
2	181375000	181425000	0.0303570569106574	0.373807228261107
2	156875000	156925000	0.0303131246826252	0.368237675554126
2	59525000	59575000	0.030312772280894	0.378894862947594
2	144275000	144325000	0.0302370847734083	0.373593628425302
2	68025000	68075000	0.0301984511142702	0.371200352049907
2	49875000	49925000	0.0300278183688731	0.373489409486032
2	55225000	55275000	0.0300044634068464	0.364928431058171
2	234025000	234075000	0.0299738863215528	0.364006878358692
2	161125000	161175000	0.029953319180918	0.376581136432749
2	47375000	47425000	0.0299212482884005	0.355059631699177
2	4825000	4875000	0.029914224456998	0.372525096535111
2	76775000	76825000	0.0298863038357163	0.374429534270528
2	149525000	149575000	0.0298127475636932	0.362394498388698
2	186025000	186075000	0.0297609048971296	0.376656245235333
2	150625000	150675000	0.0297251824295681	0.371504493929689
2	219725000	219775000	0.0295943526652324	0.369789547089002
2	19025000	19075000	0.0295651138583211	0.368343541201425
2	35225000	35275000	0.0294368258817133	0.369200352282479
2	99425000	99475000	0.0294258509459484	0.370098380074302
2	41375000	41425000	0.0292933132040593	0.355793285099267
2	54175000	54225000	0.0292410863916043	0.369805435268554
2	199525000	199575000	0.0292297245350981	0.369670328346395
2	135925000	135975000	0.0291622784641081	0.376851109058928
2	120425000	120475000	0.0291297024388709	0.380621688899819
2	224075000	224125000	0.0291139886405518	0.365865515375733
2	67875000	67925000	0.0291029478110095	0.371645565731241
2	241975000	242025000	0.0290097616817296	0.371071861338353
2	99925000	99975000	0.0289547516841794	0.375307345722099
2	242275000	242325000	0.0289166101304613	0.375467543230709
2	26775000	26825000	0.0288816544860765	0.366094391055982
2	21375000	21425000	0.028784189773966	0.369330593117472
2	180775000	180825000	0.0287595225716266	0.37184645138476
2	191525000	191575000	0.0286414414752768	0.37795882916225
2	228475000	228525000	0.0285613055051954	0.368959008920101
2	239375000	239425000	0.0285280972258776	0.370013777246033
2	171075000	171125000	0.0285221556893987	0.37282925484289
2	66225000	66275000	0.0284999968844777	0.362508968170802
2	184925000	184975000	0.0284776463213217	0.376321751474322
2	126225000	126275000	0.0283719832669397	0.378370694518491
2	233925000	233975000	0.0283468740419359	0.363587750008127
2	175425000	175475000	0.0282815635810426	0.36033705904159
2	193125000	193175000	0.0282091225549738	0.371277675890244
2	35375000	35425000	0.0281530233718545	0.366524387820074
2	130025000	130075000	0.0280865484244634	0.376302828711286
2	158575000	158625000	0.027989696718315	0.371354536842665
2	31525000	31575000	0.0279757862783322	0.372304453674036
2	242125000	242175000	0.0279135891093051	0.372220105487741
2	153975000	154025000	0.0279114923302643	0.368115210736814
2	36175000	36225000	0.0278972923588396	0.370772445440641
2	12575000	12625000	0.0278375836415142	0.363288251230258
2	50325000	50375000	0.0278302416841771	0.368809849046794
2	159275000	159325000	0.0277246423195275	0.377515958699412
2	36875000	36925000	0.0277194057575468	0.368633749849
2	100425000	100475000	0.0276800298957509	0.371054470294979
2	115325000	115375000	0.0276035441600713	0.377266354032386
2	235175000	235225000	0.0275862427962747	0.359108780727662
2	39725000	39775000	0.0275576410589473	0.355117151728755
2	56975000	57025000	0.0275410373030487	0.372455805302456
2	41475000	41525000	0.0274836662176469	0.353945090321629
2	178175000	178225000	0.0274751924092771	0.368767579552821
2	152625000	152675000	0.0274488461733806	0.367318301234318
2	53625000	53675000	0.0272509160987289	0.370833629371893
2	231325000	231375000	0.0271353311908885	0.363556629867879
2	76375000	76425000	0.0270298605371418	0.368094141987396
2	119725000	119775000	0.0269917256425192	0.361377914580024
2	200475000	200525000	0.0269175601992662	0.367689304951967
2	70275000	70325000	0.0269021685898373	0.356815631060312
2	156675000	156725000	0.0268375672645843	0.364144040818093
2	160325000	160375000	0.0267681602704737	0.36541233792235
2	57925000	57975000	0.0267564845740466	0.376318423910332
2	131675000	131725000	0.0267344298316827	0.354495050531221
2	133275000	133325000	0.0266332702476522	0.375131296483467
2	106825000	106875000	0.0266039983440493	0.369892454916333
2	120125000	120175000	0.0265950066346	0.371645269513492
2	41225000	41275000	0.026516549257232	0.353074342839278
2	5475000	5525000	0.0264604905380326	0.375608066991923
2	122725000	122775000	0.0263697182032541	0.371715019719201
2	174725000	174775000	0.0263269321557645	0.366375187620276
2	164425000	164475000	0.0263153881225677	0.367634530222324
2	159575000	159625000	0.0262813191068266	0.380393367304984
2	186575000	186625000	0.0262229029455094	0.374028462136022
2	29725000	29775000	0.0262210036585964	0.356447238254617
2	55075000	55125000	0.0262154649906755	0.361962626664652
2	130125000	130175000	0.0262052851615949	0.372740265522839
2	107025000	107075000	0.025980355042691	0.367357412986975
2	79425000	79475000	0.0259132263908615	0.375551375111802
2	3175000	3225000	0.0258908880338051	0.370235922922005
2	7775000	7825000	0.0258787763331765	0.37394511074073
2	275000	325000	0.0258455753982401	0.378174652757018
2	12275000	12325000	0.0257899957514461	0.365461597692399
2	168775000	168825000	0.0256653028800239	0.372101499364505
2	237375000	237425000	0.025607323534742	0.370576992730683
2	16375000	16425000	0.0255816909266141	0.364173415380452
2	30675000	30725000	0.0254680503099469	0.360049355717547
2	220375000	220425000	0.0254105834578094	0.372449419176204
2	61575000	61625000	0.0253727942416597	0.360679867206819
2	28175000	28225000	0.0252950024917973	0.362872527073314
2	138225000	138275000	0.025262362158453	0.371053796062857
2	201575000	201625000	0.0252092829528516	0.359580049438092
2	228875000	228925000	0.025162605325705	0.368790588993032
2	215675000	215725000	0.0251009735084372	0.363638855296824
2	225525000	225575000	0.0249725685090809	0.365427389027454
2	19175000	19225000	0.0249122873403732	0.364594548994976
2	139275000	139325000	0.0247963830021843	0.361850835511814
2	105025000	105075000	0.0247053914115055	0.369281360668997
2	161225000	161275000	0.0245664633178662	0.369296347632871
2	242575000	242625000	0.0243783118117888	0.37541807835566
2	174525000	174575000	0.0241726274154173	0.367387093201539
2	14375000	14425000	0.024170215155436	0.375805982485939
2	233275000	233325000	0.0241168475661199	0.369839676911708
2	75375000	75425000	0.0239595717835792	0.357309683214272
2	226975000	227025000	0.0239201065692402	0.366778332036112
2	134375000	134425000	0.0239142221888827	0.360197265092314
2	142275000	142325000	0.0238211339035583	0.369460310074353
2	164275000	164325000	0.0237698728425489	0.360784164810317
2	73275000	73325000	0.0237381586399518	0.353316198857724
2	49975000	50025000	0.0234699990174533	0.366380038189159
2	106375000	106425000	0.0233470421698969	0.36494780324982
2	164175000	164225000	0.023316103525568	0.357460495405344
2	128425000	128475000	0.0233027075768627	0.374704421253925
2	128925000	128975000	0.0232375090254879	0.378360686430948
2	230425000	230475000	0.0231832988912831	0.36332185747728
2	207225000	207275000	0.02312430584486	0.371956241074262
2	204975000	205025000	0.0230687999144791	0.358479730706387
2	108925000	108975000	0.02295091624101	0.363215236725127
2	123175000	123225000	0.0229372990930615	0.372031100130723
2	148225000	148275000	0.0228325510425728	0.356453573591449
2	134975000	135025000	0.022821415421371	0.357868530658411
2	67675000	67725000	0.0227431297330745	0.367340036966098
2	68525000	68575000	0.0226693584324242	0.359799464291627
2	50975000	51025000	0.0226117778276742	0.363340290601634
2	226125000	226175000	0.0225149495499598	0.36177904386928
2	106475000	106525000	0.022433780181193	0.367469076103116
2	119275000	119325000	0.0224044464985076	0.36285665010553
2	101025000	101075000	0.0223765614159442	0.361420852766967
2	227275000	227325000	0.0223409405774286	0.366416728533995
2	62425000	62475000	0.0223256815903273	0.355082498295623
2	22525000	22575000	0.0222937282631795	0.376435031824984
2	120225000	120275000	0.02229028308574	0.371294668470608
2	130475000	130525000	0.0221957550414477	0.358902090809001
2	137875000	137925000	0.0221623317199441	0.364318452684939
2	220975000	221025000	0.0219144107593589	0.369149559974545
2	232425000	232475000	0.02186623322395	0.367410780495165
2	49675000	49725000	0.0218340797478255	0.366398774755892
2	102275000	102325000	0.0218119204371091	0.358518395446518
2	119925000	119975000	0.0218038630149175	0.358945880881856
2	57225000	57275000	0.0217748038039409	0.369017102715682
2	24425000	24475000	0.0216507885166686	0.370066297421075
2	145275000	145325000	0.0215765095674149	0.371184487145731
2	148325000	148375000	0.0213665255537662	0.354561693287654
2	191975000	192025000	0.0211431122561335	0.367666544271841
2	118925000	118975000	0.0210517249462066	0.370413811096656
2	219225000	219275000	0.0210285395354832	0.360939247460873
2	144875000	144925000	0.0209864452227857	0.369121103356842
2	48525000	48575000	0.0209468327744752	0.354727422110128
2	36075000	36125000	0.020817338640111	0.362916506493063
2	154675000	154725000	0.0208054912289498	0.360973918820482
2	224275000	224325000	0.0207797343960529	0.363297253171993
2	184075000	184125000	0.0207784161445846	0.379968516386974
2	225325000	225375000	0.0206217453926468	0.360943422767372
2	191625000	191675000	0.0206192705197656	0.372459376227339
2	52625000	52675000	0.0206071734235629	0.370180703194895
2	212975000	213025000	0.0205560431492929	0.365719677245962
2	154575000	154625000	0.0205099924444252	0.360584226824298
2	198975000	199025000	0.0205061230134156	0.359303594555889
2	163425000	163475000	0.0204576385478124	0.350235777718308
2	186825000	186875000	0.0204156235559647	0.367124520257594
2	238925000	238975000	0.0203939728173717	0.357166742855292
2	118175000	118225000	0.020392170777428	0.368711598819193
2	117225000	117275000	0.0203666760908019	0.375320932904219
2	51275000	51325000	0.0203310753608095	0.366072918411992
2	215525000	215575000	0.0203124299024657	0.362823469378296
2	13325000	13375000	0.020303902098085	0.357060057948298
2	158325000	158375000	0.0202601585585111	0.364892948772664
2	219325000	219375000	0.0201890808532247	0.360416567480788
2	100675000	100725000	0.0201672874543415	0.363316540016493
2	172775000	172825000	0.0201488825027907	0.35155300923902
2	19925000	19975000	0.0201244908219746	0.359339626081657
2	151875000	151925000	0.0200891346529672	0.36722039227298
2	84275000	84325000	0.0200444624331095	0.358235934076036
2	186425000	186475000	0.0199906660303166	0.367669289144459
2	125525000	125575000	0.0199613833156423	0.370866647930937
2	226725000	226775000	0.019818935932072	0.361662525990865
2	199875000	199925000	0.0197391377242186	0.365576616480962
2	925000	975000	0.0196483265096605	0.362869867309066
2	204525000	204575000	0.0196472781320701	0.354463273314406
2	37875000	37925000	0.0195941544595101	0.352760429648113
2	145675000	145725000	0.0195935888471907	0.368388829022265
2	221925000	221975000	0.0193814086146538	0.365260493958463
2	237475000	237525000	0.019365567346609	0.362127191463488
2	181075000	181125000	0.0192981685674832	0.363642602541069
2	127925000	127975000	0.0192768889699249	0.364300706787773
2	242825000	242875000	0.0192678223839687	0.374272261493713
2	207525000	207575000	0.01925467238345	0.365755466271731
2	58125000	58175000	0.0192023126959999	0.367118356387597
2	189225000	189275000	0.0190665929517404	0.365270143039101
2	174625000	174675000	0.0189674283754859	0.360598789000803
2	230275000	230325000	0.0188759211072897	0.359484702235177
2	1125000	1175000	0.0188126234294612	0.358161324033447
2	235775000	235825000	0.0187467577485667	0.353248489967478
2	128575000	128625000	0.0186741780958516	0.375309376819013
2	236375000	236425000	0.018569930861687	0.358264473788402
2	28375000	28425000	0.0185279225443834	0.36177559814521
2	215125000	215175000	0.0184217608363041	0.366974683755045
2	44925000	44975000	0.0184199907069996	0.364713053473862
2	207825000	207875000	0.0181717108408151	0.361294149545977
2	103775000	103825000	0.0180819273969396	0.368654229976067
2	214375000	214425000	0.0180666930035758	0.360527491863183
2	205725000	205775000	0.0180233287769711	0.363995767261447
2	126475000	126525000	0.0180026987153607	0.369352052950825
2	17325000	17375000	0.0178789621455119	0.359792248124242
2	84175000	84225000	0.0178285162671559	0.356462843476344
2	161475000	161525000	0.0177032139508807	0.359299728924575
2	77875000	77925000	0.0176793210230197	0.370518037821215
2	212275000	212325000	0.0176416255904572	0.365074632580363
2	53175000	53225000	0.0174907519070057	0.363863205901696
2	38325000	38375000	0.0174881310781591	0.345630130019072
2	19825000	19875000	0.0174638698664528	0.358909272614716
2	184525000	184575000	0.0174090377664811	0.366451178447844
2	215275000	215325000	0.0173425470264824	0.364654234491942
2	123675000	123725000	0.017311042370815	0.364618555399521
2	144425000	144475000	0.0172896101733652	0.363124750103686
2	139775000	139825000	0.0172646193685663	0.357230856299337
2	17075000	17125000	0.0172631926753475	0.361609845731538
2	83575000	83625000	0.0171637488700084	0.360112010494304
2	213075000	213125000	0.0171542763646105	0.359087503533711
2	63425000	63475000	0.0170511146246947	0.360242613262889
2	52975000	53025000	0.0170420608876712	0.364654399647485
2	31075000	31125000	0.017037312012343	0.358224211597662
2	232975000	233025000	0.0170356033742113	0.356835709734193
2	170075000	170125000	0.0170115903299665	0.354279474905387
2	140775000	140825000	0.0169652956318153	0.364903704837875
2	24275000	24325000	0.016823635382459	0.368526331811839
2	61875000	61925000	0.0166803120049599	0.351727255112973
2	177675000	177725000	0.0165395559221408	0.358392408894164
2	229175000	229225000	0.0165320982020301	0.360395856081568
2	48975000	49025000	0.0165225953666699	0.355047171377216
2	154875000	154925000	0.0163817458336122	0.356738559848465
2	124425000	124475000	0.016377919936776	0.360580285535443
2	177275000	177325000	0.016286399317259	0.357945535659347
2	67525000	67575000	0.0162665522232259	0.363171953158647
2	213725000	213775000	0.0162411048920185	0.354267411003896
2	125075000	125125000	0.0162397873837684	0.363675822708341
2	140025000	140075000	0.0162027803222044	0.357592192007812
2	82125000	82175000	0.0161630134352533	0.368983415550303
2	147025000	147075000	0.0161192016649126	0.364157904137337
2	207375000	207425000	0.016078914006026	0.361663538196504
2	83825000	83875000	0.0159808753911838	0.357068906728217
2	24825000	24875000	0.0159534419609164	0.355603117465395
2	2125000	2175000	0.015920631228769	0.361360412241915
2	239575000	239625000	0.0158471757689229	0.357913651022062
2	84875000	84925000	0.0158363986912092	0.35307090488827
2	97625000	97675000	0.0158336199615353	0.352748301322006
2	179125000	179175000	0.0157832636711113	0.353181569789125
2	127525000	127575000	0.0156927770479168	0.368027383536661
2	107975000	108025000	0.0156914030659971	0.356825242122227
2	82825000	82875000	0.0156373111551144	0.367356266793925
2	153175000	153225000	0.0156086602097791	0.355349393614711
2	123925000	123975000	0.015577964496616	0.361850428381975
2	147275000	147325000	0.0155595781330176	0.360055857695434
2	220825000	220875000	0.0154518880342792	0.361720223740551
2	171975000	172025000	0.015262845159598	0.3561763022422
2	202875000	202925000	0.0152616482980268	0.348941904934981
2	136275000	136325000	0.0152442631021358	0.365060325537874
2	140175000	140225000	0.0152420491612954	0.357485365699805
2	124275000	124325000	0.0150687152763321	0.359892110361007
2	8425000	8475000	0.0150318743306154	0.358898083335252
2	139875000	139925000	0.0150002515206904	0.355535758353396
2	153775000	153825000	0.0149888565283311	0.355292004958173
2	107525000	107575000	0.014980442902331	0.360532228640203
2	19275000	19325000	0.0149126545156273	0.355130466704437
2	119075000	119125000	0.0149114484219459	0.360455013482355
2	59825000	59875000	0.0148689300720084	0.363558784138781
2	98575000	98625000	0.0148572108388569	0.35637119132325
2	214825000	214875000	0.0148350213981625	0.362086322507915
2	142175000	142225000	0.0147549870275082	0.361568212311186
2	6425000	6475000	0.0147540674281837	0.363996443331006
2	60125000	60175000	0.0147287615011076	0.360569844720768
2	218225000	218275000	0.0146968153383333	0.353362093916552
2	145875000	145925000	0.0146132894752799	0.362316343894484
2	114925000	114975000	0.0145302681441081	0.352802709318367
2	145075000	145125000	0.0145124523876244	0.363383770243811
2	78525000	78575000	0.0144826687139682	0.368704198889107
2	167775000	167825000	0.0144111561332184	0.362278784287397
2	116625000	116675000	0.014352928234273	0.368256482038577
2	8225000	8275000	0.0143470016718342	0.360520988813893
2	76675000	76725000	0.0143109646547347	0.357984457843407
2	78175000	78225000	0.0142448029677433	0.367854361073199
2	199675000	199725000	0.01423892236059	0.356992472577079
2	184225000	184275000	0.0140886723594665	0.366163001010359
2	237675000	237725000	0.0139928573347661	0.352338391293522
2	105175000	105225000	0.0139290436820952	0.357925379900286
2	125000	175000	0.0138174049389196	0.376866977901343
2	59275000	59325000	0.013742395546658	0.361152315404042
2	23375000	23425000	0.0136464485309004	0.365195383059332
2	4425000	4475000	0.0136343346695361	0.36144036482008
2	159025000	159075000	0.0136082504395324	0.356875173567541
2	6675000	6725000	0.0134853099984965	0.356496957893538
2	138425000	138475000	0.013440475092918	0.357392977325683
2	56825000	56875000	0.0134075029013042	0.356925752353312
2	2825000	2875000	0.0133827787594069	0.363157832205219
2	227475000	227525000	0.0133655550878056	0.356298772002415
2	81475000	81525000	0.0133493399119711	0.367034910197007
2	159475000	159525000	0.013272427574478	0.369529671057727
2	126925000	126975000	0.0131706902663273	0.366095108493101
2	187975000	188025000	0.0131372804203644	0.360288065323029
2	222275000	222325000	0.0131352295298875	0.355572212706335
2	189125000	189175000	0.0130949922630263	0.360394337505555
2	49425000	49475000	0.0130023575452876	0.358945932416989
2	164725000	164775000	0.0129341260479554	0.360942786669385
2	222125000	222175000	0.0128231927499267	0.356735362569529
2	82525000	82575000	0.0127970671918283	0.365057226576738
2	81575000	81625000	0.0127591449304975	0.36621517019649
2	212725000	212775000	0.0127244934576568	0.363929797313272
2	144675000	144725000	0.0126948636416481	0.360092862053575
2	191375000	191425000	0.0125542915756068	0.35808760223168
2	157875000	157925000	0.0125124964830217	0.354932078936233
2	8125000	8175000	0.0123444822853078	0.359672358496078
2	24125000	24175000	0.0123300142035668	0.364981440857827
2	7975000	8025000	0.0121875470539743	0.361246256867811
2	146775000	146825000	0.0121807022851716	0.36087430802252
2	198875000	198925000	0.0121452853066852	0.351110210383251
2	15875000	15925000	0.0120920607669598	0.353574921844347
2	51575000	51625000	0.0120734630421742	0.362828636370579
2	124125000	124175000	0.0120598714944273	0.35750429606511
2	56725000	56775000	0.0120404489626226	0.354627686049697
2	52225000	52275000	0.0119749499188063	0.363471963013859
2	107825000	107875000	0.0119240444499639	0.357072206408659
2	146675000	146725000	0.0117805060403315	0.359543857850724
2	120575000	120625000	0.0117776355836625	0.363780161867702
2	3025000	3075000	0.0117069958297386	0.358379181528344
2	125275000	125325000	0.0116995691310093	0.360677484140347
2	475000	525000	0.0116885095978111	0.356865230022478
2	193775000	193825000	0.011676397390071	0.353725880727839
2	77425000	77475000	0.0116582316691543	0.361536848367834
2	2575000	2625000	0.0115337174450161	0.363858263117063
2	77975000	78025000	0.0115267317392632	0.364782736807757
2	185075000	185125000	0.0114301136831766	0.358736447413512
2	83175000	83225000	0.0114226556698961	0.359074239707867
2	140875000	140925000	0.0113604573700857	0.361387785315376
2	6075000	6125000	0.0113395409506453	0.364610487995803
2	13925000	13975000	0.0112633841414952	0.363512912989552
2	103575000	103625000	0.0112233320610723	0.357440266890002
2	141875000	141925000	0.0111793558408471	0.360522051949275
2	79675000	79725000	0.0111059825453872	0.358736094927514
2	207125000	207175000	0.0109853301654032	0.363369966332997
2	52875000	52925000	0.0109582593337111	0.359190540476086
2	71375000	71425000	0.0108792989908819	0.363437612140262
2	237775000	237825000	0.0108131571362476	0.346950646015941
2	221725000	221775000	0.0108100473213782	0.358656048189394
2	209825000	209875000	0.0108090840180228	0.346465141212916
2	59625000	59675000	0.0107525663744199	0.359370578174478
2	34575000	34625000	0.0106305863869873	0.354217856752887
2	4175000	4225000	0.010560060037022	0.360143055448341
2	189625000	189675000	0.0105450764972894	0.352365445963977
2	14025000	14075000	0.0104621264988565	0.363712021932403
2	142025000	142075000	0.010447968495078	0.35902226744808
2	138025000	138075000	0.010444480880885	0.354158593105627
2	23175000	23225000	0.0104221989467417	0.361955185805153
2	214925000	214975000	0.0104050729469365	0.358720930112277
2	240625000	240675000	0.0103374402411614	0.352167797525217
2	168475000	168525000	0.0103158532130024	0.360764448314756
2	35875000	35925000	0.0102274102342824	0.350774607629536
2	77575000	77625000	0.0100994319408903	0.360964748672742
2	107725000	107775000	0.0100991291165317	0.357923506343537
2	58225000	58275000	0.0100321320085799	0.356461164169088
2	107625000	107675000	0.00999626841983725	0.357955186906568
2	135475000	135525000	0.00996846607780366	0.345685781702932
2	128775000	128825000	0.00996290135801858	0.368086685572539
2	141275000	141325000	0.00994268417628053	0.361385323813876
2	145475000	145525000	0.00981909224182648	0.359706518172772
2	127025000	127075000	0.00977041057585359	0.362892648644299
2	117775000	117825000	0.00976101015237502	0.362443803769441
2	120725000	120775000	0.00970474312295172	0.362217809230082
2	125725000	125775000	0.0096783603450471	0.361450788021595
2	8575000	8625000	0.00949188653911243	0.351627261940683
2	146875000	146925000	0.00945661453211022	0.358335339675836
2	221125000	221175000	0.00945091520608377	0.357652877930185
2	151125000	151175000	0.00922995419049832	0.352151271791229
2	81175000	81225000	0.00919540182089834	0.361680808290717
2	5375000	5425000	0.00915182208357523	0.356413867725701
2	129575000	129625000	0.00913589547616228	0.358749597863639
2	155675000	155725000	0.00912997347900668	0.360969151280015
2	45375000	45425000	0.00904369487745732	0.351060730688695
2	154175000	154225000	0.00904306619467865	0.348879456387239
2	2225000	2275000	0.00885501141181011	0.358015101524193
2	108275000	108325000	0.00879744046742637	0.341902633718725
2	242925000	242975000	0.00876899821598204	0.365493693169788
2	104175000	104225000	0.00875827440039922	0.36130177187054
2	28475000	28525000	0.00874164571013547	0.351266963262499
2	125175000	125225000	0.00869520623405651	0.356902181401011
2	78925000	78975000	0.00866832809424345	0.361823221816013
2	213225000	213275000	0.00865453237372438	0.345742149151473
2	200025000	200075000	0.00862957688315497	0.356473239621827
2	200125000	200175000	0.00859779272319644	0.357369894885471
2	179775000	179825000	0.00845096457931249	0.352924058995621
2	116475000	116525000	0.0084446444491334	0.361700080251701
2	69375000	69425000	0.00841310791372385	0.345872122468568
2	177125000	177175000	0.00840839791345682	0.349773782533098
2	83075000	83125000	0.00836563998655671	0.358488270093488
2	6275000	6325000	0.00834475876821222	0.361325571475703
2	77725000	77775000	0.00834192196909539	0.360193938734119
2	112975000	113025000	0.00832569488656165	0.344594165489592
2	117875000	117925000	0.00827494815438684	0.359866900377628
2	196325000	196375000	0.00825521348751879	0.346035290999044
2	81875000	81925000	0.00823091107483276	0.361233379203868
2	167525000	167575000	0.00817224511001374	0.352768808637836
2	183975000	184025000	0.00816621554612135	0.365641638561242
2	81025000	81075000	0.00812028559877759	0.358116811288639
2	22975000	23025000	0.00804230134501516	0.360393491224009
2	133625000	133675000	0.00803343416139118	0.36164161882143
2	5975000	6025000	0.00802934496512964	0.360662951167696
2	117425000	117475000	0.00802286459817331	0.363280881603732
2	23075000	23125000	0.00801660081418087	0.359958689182884
2	185775000	185825000	0.00799391533258337	0.354121712328147
2	181675000	181725000	0.00789884004082164	0.348302980984545
2	180425000	180475000	0.00781819187916299	0.348596546682204
2	70725000	70775000	0.00779527115701228	0.34474404584714
2	70975000	71025000	0.00764448313299632	0.353026099775794
2	212825000	212875000	0.00760715631033476	0.357616400798355
2	120825000	120875000	0.0075946449011976	0.358911459949439
2	116325000	116375000	0.00757292274121701	0.360180240542048
2	200975000	201025000	0.00754559052460774	0.341774338595735
2	221375000	221425000	0.00749392552711581	0.356153814859246
2	5775000	5825000	0.00747521654251121	0.360950003100304
2	81325000	81375000	0.0074751353481512	0.361505023161753
2	185175000	185225000	0.00747370915578782	0.354421528604347
2	22125000	22175000	0.00742756831117231	0.362828388206936
2	115675000	115725000	0.00735704612678972	0.357327887430477
2	71525000	71575000	0.00735284528414526	0.357463691175743
2	129325000	129375000	0.00732104749082418	0.356583508021059
2	14525000	14575000	0.00723097179866555	0.357211369312887
2	13825000	13875000	0.00720504871147093	0.357508592259267
2	80925000	80975000	0.00720316072834803	0.355540432564905
2	67025000	67075000	0.00704862096094822	0.354470230260977
2	12075000	12125000	0.00702191516160566	0.348224884519175
2	22025000	22075000	0.00701579146193004	0.362309201316573
2	220725000	220775000	0.00698449484296271	0.353067155777316
2	103875000	103925000	0.00695579047282369	0.359751556340011
2	188125000	188175000	0.00686118120392976	0.352608230997346
2	188925000	188975000	0.00679114661887464	0.351715266599942
2	150825000	150875000	0.00678810930925217	0.351445808934816
2	54525000	54575000	0.00666791918888149	0.345433458945915
2	141075000	141125000	0.00666176255418521	0.359478855325013
2	155475000	155525000	0.00652027797375759	0.35642501456456
2	133425000	133475000	0.00647397990592841	0.360482990250198
2	116925000	116975000	0.00641974800462136	0.360946519757639
2	51975000	52025000	0.00637030627309154	0.359214983671797
2	184425000	184475000	0.00636029158600071	0.355666537909643
2	151725000	151775000	0.00635844859860585	0.353269413179133
2	117075000	117125000	0.00634584268058852	0.361072279349899
2	78675000	78725000	0.00630904917416397	0.360785625509524
2	123375000	123425000	0.00630129953569247	0.354850871536414
2	82425000	82475000	0.00624431630823113	0.35868487694184
2	67225000	67275000	0.00619325182640329	0.356870381780404
2	221225000	221275000	0.00603466806886449	0.354592815822202
2	82975000	83025000	0.00599069636993632	0.357439050135698
2	125875000	125925000	0.00595180499069481	0.356856492560282
2	205975000	206025000	0.00588664802782107	0.355602934058835
2	155575000	155625000	0.00583712747706505	0.357832226903081
2	52425000	52475000	0.00583202839305275	0.356367299826245
2	141425000	141475000	0.00576063225482554	0.356172432042497
2	5875000	5925000	0.00574940199787555	0.358450954704653
2	78775000	78825000	0.0057081454752429	0.359918062697261
2	67125000	67175000	0.00570337474331084	0.354949355863471
2	51875000	51925000	0.00569350725578954	0.359164542711752
2	51725000	51775000	0.00563796138046013	0.358899799847476
2	125975000	126025000	0.00563773031000553	0.355963924474952
2	115025000	115075000	0.00562096076872154	0.35134029944103
2	126725000	126775000	0.00558705810272353	0.358115836646154
2	205875000	205925000	0.00554476863471431	0.355322540312111
2	129775000	129825000	0.00554087972167305	0.355857398130357
2	14625000	14675000	0.00553871010212048	0.353617908914305
2	150725000	150775000	0.00550257380749108	0.349476657738771
2	155775000	155825000	0.00547439316432974	0.354911364880109
2	78375000	78425000	0.00539112442529543	0.359354235567713
2	14225000	14275000	0.00537758976006442	0.358070512788461
2	72225000	72275000	0.00536125664965981	0.340354137422828
2	126625000	126675000	0.00532411256698767	0.357483852592799
2	74175000	74225000	0.00529819024638928	0.344896564865532
2	82225000	82275000	0.00529594136707251	0.358043517076528
2	216525000	216575000	0.00526804502736644	0.346743991901591
2	21925000	21975000	0.00503722909112542	0.360223228904649
2	23675000	23725000	0.00496577694120259	0.356955708319966
2	212175000	212225000	0.00494688174544328	0.351541600542969
2	133525000	133575000	0.00483384030464912	0.359933905222721
2	167925000	167975000	0.00481291829034269	0.354241111084248
2	116775000	116825000	0.00449984303415141	0.358883260326503
2	129675000	129725000	0.00446856830375086	0.354363374945929
2	63525000	63575000	0.00429595798780047	0.346624367231221
2	5675000	5725000	0.00427492247892136	0.35719356055634
2	22325000	22375000	0.0041816063159486	0.359073322080336
2	127225000	127275000	0.00403826090422821	0.357302319972008
2	122925000	122975000	0.00403475016694366	0.353690583218389
2	116175000	116225000	0.00398258155800307	0.355941781357097
2	217725000	217775000	0.00393092438385323	0.348681709365613
2	46375000	46425000	0.00385047124989912	0.339235940261906
2	182125000	182175000	0.00383056556855316	0.339763347482174
2	115125000	115175000	0.00372381089970564	0.353210602811235
2	186275000	186325000	0.00369523529522509	0.351246922332997
2	14125000	14175000	0.00351767294003996	0.3569153664337
2	2375000	2425000	0.00320695507132096	0.355976183575026
2	57425000	57475000	0.00298459614669955	0.351935796406257
2	181175000	181225000	0.00297613467351288	0.347739737033916
2	168575000	168625000	0.00276150914669587	0.352369813459808
2	104025000	104075000	0.00274730603471696	0.357147602268689
2	159125000	159175000	0.00270444123577074	0.347646312288132
2	229675000	229725000	0.00268169998382678	0.345102072703459
2	21775000	21825000	0.00264618710951442	0.35607014383147
2	216425000	216475000	0.00243631664154781	0.343028438352288
2	117575000	117625000	0.002084102562247	0.356948578966963
2	168275000	168325000	0.00174620968059658	0.353875386359635
2	19725000	19775000	0.00171029075132345	0.344036554813502
2	184325000	184375000	0.00168464826161419	0.351255000227535
2	57525000	57575000	0.00162850072154141	0.351357589963982
2	129175000	129225000	0.00161617408658993	0.351738340143615
2	184725000	184775000	0.000835545845032148	0.349349475241837
