1	37
38	62
63	75
76	97
98	144
145	177
178	185
186	191
192	198
199	205
206	212
213	219
220	226
227	232
233	239
240	264
265	305
306	315
316	334
335	357
358	372
373	402
403	411
412	417
418	431
432	470
471	480
481	492
493	509
510	521
522	533
534	540
541	545
546	552
553	558
559	574
575	583
584	607
608	619
620	641
642	655
656	677
678	712
713	731
732	740
741	751
752	763
764	780
781	790
791	800
801	817
818	841
842	852
853	861
862	876
877	885
886	904
905	917
918	924
925	934
935	943
944	953
954	960
961	977
978	1015
1016	1051
1052	1080
1081	1102
1103	1109
1110	1117
1118	1128
1129	1158
1159	1183
1184	1218
1219	1227
1228	1235
1236	1242
1243	1253
1254	1276
1277	1285
1286	1296
1297	1302
1303	1317
1318	1332
1333	1366
1367	1374
1375	1384
1385	1392
1393	1402
1403	1410
1411	1420
1421	1425
1426	1435
1436	1448
1449	1462
1463	1469
1470	1478
1479	1493
1494	1503
1504	1519
1520	1586
1587	1641
1642	1692
1693	1705
1706	1711
1712	1717
1718	1728
1729	1742
1743	1744
1745	1754
1755	1757
1758	1780
1781	1793
1794	1845
1846	1847
1848	1906
1907	1922
1923	1926
1927	1929
1930	1933
1934	1939
1940	1944
1945	1957
1958	1959
1960	1961
1962	1963
1964	1967
1968	1980
1981	1999
2000	2002
2003	2024
2025	2032
2033	2037
2038	2050
2051	2062
2063	2069
2070	2113
2114	2124
2125	2144
2145	2179
2180	2190
2191	2202
2203	2217
2218	2224
2225	2227
2228	2229
2230	2252
2253	2256
2257	2267
2268	2270
2271	2275
2276	2284
2285	2286
2287	2288
2289	2295
2296	2371
2372	2393
2394	2408
2409	2422
2423	2429
2430	2437
2438	2442
2443	2451
2452	2495
2496	2556
2557	2565
2566	2576
2577	2590
2591	2613
2614	2640
2641	2643
2644	2659
2660	2693
2694	2714
2715	2732
2733	2744
2745	2772
2773	2792
2793	2811
2812	2858
2859	2881
2882	2949
2950	2974
2975	2997
2998	3009
3010	3027
3028	3046
3047	3058
3059	3072
3073	3105
3106	3124
3125	3163
3164	3178
3179	3194
3195	3202
3203	3217
3218	3238
3239	3246
3247	3264
3265	3279
3280	3308
3309	3317
3318	3335
3336	3347
3348	3380
3381	3396
3397	3406
3407	3422
3423	3436
3437	3448
3449	3460
3461	3472
3473	3485
3486	3505
3506	3521
3522	3540
3541	3551
3552	3560
3561	3573
3574	3591
3592	3618
3619	3651
3652	3660
3661	3671
3672	3682
3683	3723
3724	3747
3748	3754
3755	3767
3768	3788
3789	3806
3807	3824
3825	3838
3839	3848
3849	3863
3864	3899
3900	3938
3939	3953
3954	3965
3966	3984
3985	4015
4016	4035
4036	4042
4043	4053
4054	4062
4063	4068
4069	4082
4083	4096
4097	4137
4138	4153
4154	4168
4169	4185
4186	4203
4204	4226
4227	4251
4252	4270
4271	4282
4283	4324
4325	4336
4337	4351
4352	4372
4373	4381
4382	4391
4392	4395
4396	4405
4406	4411
4412	4430
4431	4457
4458	4470
4471	4476
4477	4497
4498	4504
4505	4520
4521	4530
4531	4560
4561	4576
4577	4612
4613	4634
4635	4638
4639	4647
4648	4654
4655	4668
4669	4684
4685	4696
4697	4709
4710	4721
4722	4733
4734	4744
4745	4760
4761	4770
4771	4774
4775	4784
4785	4798
4799	4822
4823	4828
4829	4835
4836	4843
4844	4852
4853	4857
4858	4864
