2	20825000	20875000	0.127548757383829	0.447830561097951
2	96625000	96675000	0.119476204494067	0.432714999965665
2	43025000	43075000	0.11585728491575	0.439618889454706
2	153575000	153625000	0.115568366966411	0.448862158834317
2	150425000	150475000	0.10818646120049	0.438026591921341
2	171775000	171825000	0.107752836298226	0.441440291128413
2	218625000	218675000	0.10759744388976	0.428177558006415
2	36525000	36575000	0.107162737444072	0.442435035421932
2	176975000	177025000	0.106820132710963	0.440494192546417
2	230575000	230625000	0.106291717924211	0.436161116921118
2	237975000	238025000	0.106289363402663	0.434408693690494
2	187325000	187375000	0.103395432754082	0.426535939739062
2	138575000	138625000	0.103169515760646	0.434947229209414
2	42025000	42075000	0.102914295421075	0.423501544250744
2	15725000	15775000	0.0994929591361009	0.435607539641079
2	27875000	27925000	0.0992262518575168	0.424560917196232
2	96425000	96475000	0.0971896906525444	0.398574332481464
2	65075000	65125000	0.0954771757627937	0.421638562298981
2	190275000	190325000	0.0953437839272402	0.422116459436598
2	68275000	68325000	0.0949248446452234	0.418204798077474
2	70475000	70525000	0.0929575559652938	0.422491687278005
2	29125000	29175000	0.0927957144543517	0.41999757867318
2	118525000	118575000	0.0923934926974062	0.432902564181893
2	152075000	152125000	0.0917598368642067	0.41946653635807
2	46175000	46225000	0.091755783583547	0.419276836662695
2	65775000	65825000	0.0905168906865189	0.416948695810837
2	11575000	11625000	0.0898700263207873	0.414002209851608
2	13175000	13225000	0.0896501334673863	0.423710351655448
2	177975000	178025000	0.0890928785723226	0.425762783424344
2	73475000	73525000	0.0886398463533851	0.412008600228956
2	47975000	48025000	0.0879996569613145	0.420690810292727
2	159675000	159725000	0.087589000648872	0.41372373996192
2	172975000	173025000	0.0871272421420702	0.411782412567172
2	224825000	224875000	0.0871114959938058	0.409950945621727
2	191875000	191925000	0.0866921696180924	0.414843788996108
2	11225000	11275000	0.086475732623471	0.40859897589358
2	182575000	182625000	0.0864003540803832	0.406068951619716
2	85525000	85575000	0.0858065727192579	0.403522248291143
2	231875000	231925000	0.084516609689818	0.417627134483338
2	20075000	20125000	0.0836849553941661	0.416977808791943
2	86375000	86425000	0.0832597055527076	0.403253354013767
2	10925000	10975000	0.0829871427837382	0.407025976660526
2	101575000	101625000	0.0829266625945849	0.411165396761446
2	201725000	201775000	0.0826799706072492	0.411320206862654
2	216125000	216175000	0.0822311940854848	0.421596147927908
2	102475000	102525000	0.0818346583267587	0.413169645937343
2	66625000	66675000	0.081716884869629	0.403672113705354
2	236025000	236075000	0.0812359651609473	0.419239206649514
2	20525000	20575000	0.0811455857696784	0.402979441594343
2	162275000	162325000	0.0806850019421769	0.415211754025849
2	9225000	9275000	0.080614220334355	0.403940359893776
2	225175000	225225000	0.0805464970954289	0.406258597009363
2	1825000	1875000	0.0799410268429797	0.400396557515311
2	219025000	219075000	0.0797805687595565	0.398353823239386
2	213425000	213475000	0.0794386301077891	0.411562728455231
2	203425000	203475000	0.0790150748120344	0.407262209719365
2	85125000	85175000	0.0788015043296033	0.405429417172643
2	114725000	114775000	0.0787162580319578	0.417516588787167
2	223475000	223525000	0.0786721260938889	0.403094346503694
2	208325000	208375000	0.0784466613001123	0.409720377732028
2	192375000	192425000	0.0777193523484563	0.402293453615421
2	222425000	222475000	0.0774322330164236	0.414861087819548
2	135675000	135725000	0.0771543724388834	0.409213817726736
2	223775000	223825000	0.0768268809024038	0.399900516902478
2	198225000	198275000	0.0767612041786364	0.410018742727009
2	203075000	203125000	0.0766257723338711	0.404922695669691
2	7225000	7275000	0.0765059300688671	0.399470176151023
2	143725000	143775000	0.075794414027941	0.411127071435837
2	85825000	85875000	0.0756790375981025	0.397126401900516
2	47125000	47175000	0.0751852396814667	0.40007488738066
2	11925000	11975000	0.0749344887242007	0.406734007140405
2	216775000	216825000	0.0748635855507203	0.406085155419424
2	60875000	60925000	0.0748112754453118	0.40843723462995
2	47625000	47675000	0.0747557594511459	0.402675936797966
2	62625000	62675000	0.0745969902274753	0.406739376956479
2	98975000	99025000	0.0740290787800482	0.402188512482273
2	1525000	1575000	0.0738256363648315	0.396465610081615
2	33825000	33875000	0.073674919620126	0.413107738647121
2	43425000	43475000	0.0734477949692691	0.396944251977045
2	134575000	134625000	0.0734228846477487	0.404041691260415
2	73075000	73125000	0.0732656919439763	0.397514972006673
2	113725000	113775000	0.0732023389709879	0.389921289387799
2	47525000	47575000	0.0731321153478722	0.399740036044822
2	148675000	148725000	0.0730988233321675	0.406334166359055
2	38125000	38175000	0.0726722653942071	0.404868857084277
2	189375000	189425000	0.0724365432077158	0.40489110407788
2	100125000	100175000	0.0723709717046603	0.408867903971856
2	69525000	69575000	0.0721588919575872	0.403666941041959
2	46575000	46625000	0.0720635077763525	0.396208792171087
2	56375000	56425000	0.0720053095588828	0.411896179890358
2	147425000	147475000	0.0718777370580116	0.405405832450888
2	122525000	122575000	0.0718369866560099	0.402318255387818
2	75925000	75975000	0.0714538789121937	0.4005792862117
2	216925000	216975000	0.0713890673845888	0.402842429689158
2	177475000	177525000	0.0713379448045872	0.402241584817941
2	10525000	10575000	0.0712303513185506	0.397823306004244
2	132575000	132625000	0.0712247671572458	0.393549145342909
2	122075000	122125000	0.0706860512532528	0.399834801536848
2	196925000	196975000	0.0706205585187967	0.409036204830365
2	30925000	30975000	0.0706126112902205	0.406767854434418
2	135175000	135225000	0.0704780851315006	0.402765206920861
2	170275000	170325000	0.070348236856226	0.401798814751041
2	55425000	55475000	0.0701416413294384	0.396278368928477
2	222825000	222875000	0.0700195801734728	0.400140693842682
2	202075000	202125000	0.0698655086706406	0.397856975750715
2	113325000	113375000	0.0697263892246426	0.387873896503064
2	66825000	66875000	0.0696043086604827	0.393452751935399
2	220225000	220275000	0.0695527824158297	0.403525983653586
2	210125000	210175000	0.0695494537134057	0.396993499332948
2	156175000	156225000	0.0692337242192811	0.410681076607486
2	183525000	183575000	0.0692095304210497	0.4027927830347
2	6925000	6975000	0.0688000594591545	0.393830510974558
2	235425000	235475000	0.0687085590264078	0.404977467509784
2	137175000	137225000	0.0686691773512502	0.406617550388077
2	160075000	160125000	0.0684831036331985	0.393400788172954
2	175225000	175275000	0.0684830997996961	0.400774189008997
2	232275000	232325000	0.0682184928786549	0.395160732356897
2	220575000	220625000	0.068019689882979	0.407052970484769
2	25425000	25475000	0.0678903894653685	0.397620007725107
2	43775000	43825000	0.0674696862444111	0.396868724540246
2	188425000	188475000	0.0674182409905478	0.39943158002586
2	217525000	217575000	0.0673407878302492	0.404317699597087
2	10825000	10875000	0.0672516676606457	0.39192903173966
2	206525000	206575000	0.067039429638906	0.400162311850882
2	165825000	165875000	0.0669069988360712	0.395039445602705
2	10225000	10275000	0.0667658012221278	0.3952743465145
2	209225000	209275000	0.0666487287410098	0.403691602958196
2	188325000	188375000	0.0665314294444576	0.399968154759906
2	139575000	139625000	0.0658830021018272	0.407972870459884
2	198625000	198675000	0.0652811474769988	0.399429806039577
2	39975000	40025000	0.0650956128708347	0.395045328252384
2	169775000	169825000	0.0648220168049461	0.397736297615825
2	69175000	69225000	0.0647186522637958	0.393776245862163
2	53975000	54025000	0.0645672420512686	0.407953154298358
2	121825000	121875000	0.0643971003283715	0.395733053960338
2	109725000	109775000	0.0643719559006619	0.373039316386276
2	9525000	9575000	0.0640854824468829	0.385944607375856
2	45825000	45875000	0.064084608190199	0.396352090579307
2	8825000	8875000	0.063814747543989	0.397394110732218
2	173325000	173375000	0.063761292961863	0.387917329995354
2	121075000	121125000	0.0635957189772749	0.3986087750966
2	3725000	3775000	0.0633123104925556	0.404703020383428
2	202625000	202675000	0.0632737671818613	0.391433235202596
2	30325000	30375000	0.0632367153609101	0.40155344191341
2	16675000	16725000	0.0630870640168913	0.398792629890597
2	214075000	214125000	0.0629979546722119	0.399229787468953
2	61225000	61275000	0.062912190734141	0.391978931810943
2	75625000	75675000	0.0625838900534788	0.385307742623528
2	55825000	55875000	0.0625632555443174	0.39053722804827
2	183025000	183075000	0.0624166269280562	0.385642211301369
2	71725000	71775000	0.0624078820674836	0.398574694830618
2	12825000	12875000	0.062035036689685	0.387492713402723
2	192675000	192725000	0.0618194844804604	0.389246874591855
2	178625000	178675000	0.0615298100757545	0.403411808333172
2	151325000	151375000	0.0611234656161138	0.39611393492972
2	158075000	158125000	0.0610774874652114	0.397073846586207
2	239175000	239225000	0.0608532624561091	0.396656368987376
2	131775000	131825000	0.0606845931585167	0.375511522850971
2	64225000	64275000	0.0604966334356206	0.389636704925151
2	204775000	204825000	0.0602855824365602	0.391061430591446
2	232675000	232725000	0.0602453269866584	0.392582742651065
2	86625000	86675000	0.0601367831192867	0.372871240713299
2	187675000	187725000	0.0601255804394828	0.392744218738536
2	225625000	225675000	0.0599550830979401	0.384687396713114
2	173625000	173675000	0.0599171153903162	0.386048124344584
2	101825000	101875000	0.0599072399821031	0.385768085496055
2	32025000	32075000	0.0598720041109528	0.397010734925315
2	27575000	27625000	0.0597173320032324	0.389990869105646
2	42275000	42325000	0.0595924623494168	0.380603692561489
2	28675000	28725000	0.0594963953483752	0.389943954422264
2	238675000	238725000	0.0594161275364297	0.394110661658603
2	121425000	121475000	0.0592922800565162	0.393078847206693
2	204675000	204725000	0.0592522670346589	0.38857899024142
2	62075000	62125000	0.0590923049843262	0.397543749196797
2	113475000	113525000	0.0589696829732674	0.376581481428585
2	65425000	65475000	0.0589103134335525	0.385998311428965
2	79225000	79275000	0.0583485062723926	0.406011501049284
2	163975000	164025000	0.0577047982323045	0.398869199418841
2	161825000	161875000	0.0574893539525584	0.393199745092563
2	226475000	226525000	0.0573579932052772	0.399442192570174
2	42575000	42625000	0.0573445997316981	0.381682949675538
2	45175000	45225000	0.0570196910655054	0.39687691439003
2	23925000	23975000	0.0569478697629658	0.396408779473395
2	74825000	74875000	0.0568149537563031	0.382178577210167
2	41625000	41675000	0.0568074068369749	0.379221478408475
2	204325000	204375000	0.056741565349446	0.384699497662147
2	236675000	236725000	0.0566981303395478	0.392608880667268
2	152325000	152375000	0.0566728169660986	0.387493729563727
2	225875000	225925000	0.0566689724569177	0.38503988831717
2	195725000	195775000	0.0566638568105226	0.390256901163397
2	175525000	175575000	0.0566491154906157	0.385237173595096
2	234125000	234175000	0.0564595564085763	0.391911303927255
2	99225000	99275000	0.0564561772173255	0.385921319495966
2	57925000	57975000	0.05637363244795	0.394277612688695
2	200775000	200825000	0.0562041795702368	0.394121193971652
2	201325000	201375000	0.0561035141688526	0.386636711561536
2	98375000	98425000	0.056096308161458	0.381122041280284
2	68675000	68725000	0.0559453077121034	0.379152478508739
2	157425000	157475000	0.055899037397271	0.394067883960103
2	109475000	109525000	0.0558067490465148	0.37336392078546
2	75125000	75175000	0.0557932095016171	0.378598863282643
2	210775000	210825000	0.0555580057745581	0.383793789524285
2	134825000	134875000	0.0555317335310764	0.387210783744949
2	62975000	63025000	0.0552165664965911	0.389693134449227
2	68525000	68575000	0.0551703456316979	0.376320276031143
2	101175000	101225000	0.0548145900736324	0.394659536112074
2	167375000	167425000	0.0545713494455539	0.392721136763683
2	136575000	136625000	0.0544732701260985	0.389067419941511
2	130675000	130725000	0.0544696370994642	0.378988114234661
2	172375000	172425000	0.0543743715646069	0.383489400045709
2	149825000	149875000	0.0540033600373193	0.39095280532423
2	105925000	105975000	0.0535226316765839	0.389112437627801
2	224525000	224575000	0.0534470084971486	0.376353368517114
2	216275000	216325000	0.0530798396252007	0.387187895186008
2	86025000	86075000	0.0527211018187155	0.376656258608148
2	181925000	181975000	0.0526779588031066	0.391767847180913
2	25025000	25075000	0.0524157451205235	0.384491577142629
2	44225000	44275000	0.0523862235163939	0.389374294896876
2	127775000	127825000	0.052385848241865	0.396836762825462
2	206825000	206875000	0.0523384302884093	0.384789624182999
2	61725000	61775000	0.0523159593660593	0.389315096997586
2	97175000	97225000	0.0522349289289293	0.379316794717418
2	9925000	9975000	0.0522028841860539	0.380403193729309
2	189825000	189875000	0.0518648950685482	0.382026253051842
2	231675000	231725000	0.0516911664473729	0.388141258577936
2	46675000	46725000	0.0513786309751921	0.375659254152555
2	194825000	194875000	0.0512101835318142	0.385861193800219
2	219525000	219575000	0.0511184322439815	0.378532544920185
2	240925000	240975000	0.0510594096318371	0.383519070575134
2	152875000	152925000	0.0508492497580372	0.384464698324344
2	208925000	208975000	0.0507755411865313	0.384392989415587
2	107175000	107225000	0.0507356291597199	0.392393366195323
2	16925000	16975000	0.0505798421715185	0.386710843038773
2	119625000	119675000	0.0505171902729137	0.394490736527963
2	38975000	39025000	0.0504642044886079	0.379181310092048
2	54875000	54925000	0.0504502134721463	0.381326410113914
2	58775000	58825000	0.0504376030263269	0.378666112339462
2	210425000	210475000	0.050397644710484	0.375037343186959
2	109175000	109225000	0.0503542197816541	0.378579165024598
2	179575000	179625000	0.0503285966162702	0.379493705675873
2	136475000	136525000	0.0502870185913654	0.384806150301056
2	118775000	118825000	0.0502812001441036	0.388367134597
2	64775000	64825000	0.0502320400187888	0.378925018546233
2	130575000	130625000	0.0502156908642196	0.382987872854064
2	199175000	199225000	0.0501723989116074	0.393517857238091
2	99425000	99475000	0.0500763472291292	0.380778854595079
2	176025000	176075000	0.0499924504363087	0.384705900609597
2	97025000	97075000	0.049950398824232	0.374393600114203
2	180925000	180975000	0.0498846692797518	0.393200187801267
2	187525000	187575000	0.0498525862442389	0.373666265774638
2	211075000	211125000	0.0498180749569334	0.382050968006188
2	70075000	70125000	0.0497149158225338	0.379834476709649
2	175825000	175875000	0.0496140539807148	0.378598117839322
2	159275000	159325000	0.049547809819646	0.3813936934855
2	74625000	74675000	0.0495390455713229	0.378280574771246
2	217375000	217425000	0.0494930903754778	0.384514567311897
2	233375000	233425000	0.049416413956177	0.384244516009411
2	143375000	143425000	0.0493394212455676	0.383400009735588
2	225975000	226025000	0.0493255460743972	0.381420720120474
2	24575000	24625000	0.0491087070918114	0.383331811561938
2	241375000	241425000	0.0490619088970137	0.380825676185386
2	241075000	241125000	0.0490300921759469	0.380330586763817
2	112825000	112875000	0.0489844311495689	0.3685604952896
2	56225000	56275000	0.0487342506338978	0.382301742476071
2	230825000	230875000	0.0483931530325223	0.37797121617994
2	39475000	39525000	0.0483777592880669	0.381229920700749
2	96925000	96975000	0.0483197779391385	0.371003869563432
2	197625000	197675000	0.0482605520992299	0.383926716998287
2	128225000	128275000	0.0481669673317969	0.380204243200022
2	189925000	189975000	0.048096669390865	0.375589807576237
2	84575000	84625000	0.048040508476808	0.390273992589818
2	240325000	240375000	0.0479537271833969	0.385050053548402
2	158875000	158925000	0.0478583955717051	0.379629945638882
2	208575000	208625000	0.04770759096975	0.37901887894649
2	72375000	72425000	0.0476152429958175	0.382113834334259
2	162975000	163025000	0.04752218434423	0.382631390205083
2	158575000	158625000	0.0474935207575842	0.377527617521164
2	38725000	38775000	0.0473310428208105	0.375790326622417
2	193025000	193075000	0.0471774999162206	0.380850276844237
2	179925000	179975000	0.047105976688414	0.379842558731189
2	71225000	71275000	0.047058564667452	0.390006554824179
2	114825000	114875000	0.0470428089350297	0.39047369928716
2	20625000	20675000	0.0468963227216853	0.365459933130967
2	228775000	228825000	0.0467232022483527	0.385051483609062
2	228175000	228225000	0.0466677505256397	0.38535396247808
2	202475000	202525000	0.0466558904416894	0.374769540024062
2	39075000	39125000	0.0466074901442486	0.376516744521638
2	166725000	166775000	0.0465852503470942	0.378112935382727
2	163175000	163225000	0.0463012378408225	0.385731722072924
2	172275000	172325000	0.0461390132035842	0.375997351360687
2	15275000	15325000	0.0459975394954521	0.389524908643649
2	50725000	50775000	0.0459920820818338	0.397179769043355
2	37625000	37675000	0.0459722097617061	0.382241093261022
2	64525000	64575000	0.0459041959655029	0.379478359806392
2	201125000	201175000	0.0458006213470768	0.377280299308399
2	149225000	149275000	0.0455756480040176	0.381654706201898
2	172525000	172575000	0.0454319943682155	0.373432058335318
2	239375000	239425000	0.0452362960285935	0.381482831523498
2	171225000	171275000	0.0452154253770871	0.381271558943831
2	105825000	105875000	0.0451556351287706	0.384511075711483
2	133925000	133975000	0.0450900636097415	0.384943045692204
2	147775000	147825000	0.0450484764569685	0.375534962258226
2	38475000	38525000	0.0450474596183527	0.375063955040152
2	160825000	160875000	0.0448474968016778	0.375909621603097
2	204075000	204125000	0.0446502448263469	0.372688511193112
2	174225000	174275000	0.0445858449310058	0.378230882614704
2	190475000	190525000	0.0444240880688238	0.374478630599051
2	237175000	237225000	0.0444149359651705	0.377645808218732
2	165525000	165575000	0.0443506312778162	0.375005960609955
2	33575000	33625000	0.0443418933655782	0.382442216960781
2	219225000	219275000	0.0442186313271236	0.366328229085503
2	233175000	233225000	0.0441537754802464	0.379064638215183
2	153025000	153075000	0.0440995773051085	0.37657817990767
2	73825000	73875000	0.0439483162265049	0.373803601728568
2	40775000	40825000	0.0438085587381591	0.370104628636048
2	26075000	26125000	0.0437517087857774	0.377825425849461
2	63775000	63825000	0.0435130862511772	0.374052664732974
2	106175000	106225000	0.0434229226284357	0.380037846185498
2	58475000	58525000	0.0434046359971019	0.37739569686816
2	205175000	205225000	0.043375048952327	0.379947396899709
2	225425000	225475000	0.0432736886805091	0.371901572363002
2	40425000	40475000	0.0432347452340592	0.37112928503105
2	68925000	68975000	0.0432298823530349	0.369865787144988
2	242275000	242325000	0.0430750990537389	0.384573500677684
2	169175000	169225000	0.0429837168410065	0.383396279353653
2	239925000	239975000	0.0429221422052894	0.380532871270799
2	210525000	210575000	0.0425550852207796	0.368222236632469
2	46825000	46875000	0.0424646324461482	0.366948263797455
2	174075000	174125000	0.0423553101353891	0.372874410925974
2	120925000	120975000	0.0421154992476943	0.377654193496654
2	196125000	196175000	0.042036487000745	0.377237065339851
2	238375000	238425000	0.0420214362675592	0.372678568485936
2	207025000	207075000	0.0419499916571479	0.378446341475167
2	102825000	102875000	0.0416132571643832	0.373162877662909
2	160525000	160575000	0.0415282356112447	0.370132584307999
2	174725000	174775000	0.0411463132051226	0.378139811213841
2	83425000	83475000	0.0411156498856641	0.382419942692023
2	36875000	36925000	0.0410438433191107	0.379125965896143
2	223125000	223175000	0.0410419170368475	0.36853277227864
2	166975000	167025000	0.0409552255254044	0.374260029453403
2	54725000	54775000	0.0408973310655767	0.374564683546977
2	103425000	103475000	0.0408796591608875	0.388258803581669
2	72975000	73025000	0.040879206246617	0.36659267363442
2	21225000	21275000	0.040844010680061	0.381079569275074
2	160925000	160975000	0.0406741628092631	0.372555546312238
2	74375000	74425000	0.0406656123069173	0.373629523689414
2	108925000	108975000	0.0406243051706994	0.376806118699716
2	19575000	19625000	0.0404393933311664	0.37922645115216
2	99925000	99975000	0.0404128330298905	0.375654739810436
2	25175000	25225000	0.0402650406025982	0.36817732804649
2	34275000	34325000	0.0402484869678092	0.378879772200532
2	36975000	37025000	0.0402165166897395	0.379857563528516
2	4825000	4875000	0.0400463622422076	0.380837212601525
2	139125000	139175000	0.040017565472328	0.372790683557841
2	55075000	55125000	0.0400148591351409	0.368176837835873
2	188675000	188725000	0.0399315663998095	0.370688870749211
2	238475000	238525000	0.0398716272616932	0.372436603191059
2	75275000	75325000	0.0397617586971956	0.362542872114929
2	233675000	233725000	0.0396937709110206	0.374397731941702
2	231475000	231525000	0.0395453475623544	0.377663188125792
2	179325000	179375000	0.0395214347776284	0.371985688747359
2	39575000	39625000	0.039520089745119	0.371738711871245
2	165325000	165375000	0.0395054254277428	0.376715514677115
2	27225000	27275000	0.0393024434997496	0.379746065466831
2	48325000	48375000	0.0392491004082883	0.376305373342266
2	11775000	11825000	0.0391331899284639	0.367646707679503
2	182775000	182825000	0.0391116801073739	0.357158430360518
2	103075000	103125000	0.0391091539636446	0.377254409429777
2	170775000	170825000	0.0388453774384049	0.37218728475815
2	185425000	185475000	0.0387574395602288	0.377959948265096
2	203725000	203775000	0.0387216271569487	0.366872361199403
2	18575000	18625000	0.0387014348562925	0.378856410707964
2	48825000	48875000	0.0386495892158706	0.379644271122238
2	120425000	120475000	0.0386297921338503	0.376831645107103
2	241725000	241775000	0.0383781968615743	0.373927655280447
2	166225000	166275000	0.0383632576197021	0.368004699172557
2	99725000	99775000	0.0383200147077366	0.371746161722444
2	26375000	26425000	0.038310133216848	0.371863810273916
2	69925000	69975000	0.0382596875500651	0.370472575605479
2	232425000	232475000	0.0382351086924589	0.367200539240513
2	31575000	31625000	0.0379736437837979	0.376008624099501
2	182375000	182425000	0.0378996167666676	0.364954976174512
2	219725000	219775000	0.0378314008660399	0.368781856820794
2	162125000	162175000	0.0376310109091367	0.37255230934492
2	155225000	155275000	0.037538798949802	0.38366753470617
2	170625000	170675000	0.0372210720947827	0.369658237332195
2	108775000	108825000	0.0371988403520184	0.377781597665774
2	173875000	173925000	0.036953722918461	0.364730541806711
2	150975000	151025000	0.0368778436618875	0.371563175590988
2	162775000	162825000	0.0368398176413608	0.370051415217997
2	224275000	224325000	0.0367310416223051	0.359693160302307
2	7575000	7625000	0.0366948943319005	0.367896906945951
2	211275000	211325000	0.0362609119741361	0.371768378218997
2	152425000	152475000	0.0362128936056307	0.369757394478635
2	105625000	105675000	0.036119850155648	0.380686718097115
2	178925000	178975000	0.0360970237996991	0.37389995580541
2	176175000	176225000	0.0358535162375129	0.374864006146813
2	129475000	129525000	0.0358438471042828	0.38078924397093
2	40675000	40725000	0.0357783744128405	0.362531149996187
2	191675000	191725000	0.0356109069616711	0.365839703806883
2	201525000	201575000	0.0355057030773259	0.36509241990137
2	194525000	194575000	0.0354777031141712	0.371595252445699
2	23475000	23525000	0.0353941122486305	0.379523252719177
2	106675000	106725000	0.0352752154780805	0.373394537346593
2	239675000	239725000	0.0352127264827571	0.372178691893343
2	96825000	96875000	0.035092183931468	0.356017165890083
2	26975000	27025000	0.035038299808941	0.371528544379347
2	58975000	59025000	0.0350263797225389	0.366854275209865
2	144025000	144075000	0.0349422752468377	0.376029494512072
2	625000	675000	0.0349166961579314	0.377950806031486
2	242125000	242175000	0.0348821281096701	0.374758090677686
2	134275000	134325000	0.0348482893042962	0.367792046245394
2	240025000	240075000	0.034786299675847	0.372654934203326
2	211425000	211475000	0.0347351265201044	0.37269852266167
2	198975000	199025000	0.0346275684162441	0.372972318310269
2	41025000	41075000	0.034561780050165	0.35971608573441
2	161125000	161175000	0.0345473490458138	0.36791477783016
2	55175000	55225000	0.0344726184959335	0.361277488226148
2	209075000	209125000	0.0344478049821253	0.369777966205246
2	142875000	142925000	0.0343980823649253	0.377006356367226
2	32975000	33025000	0.034313384071362	0.376792075981084
2	237475000	237525000	0.0343129167828389	0.365626960799251
2	71325000	71375000	0.0342818153055382	0.375873569983547
2	183875000	183925000	0.0342292500806849	0.377875878276608
2	234775000	234825000	0.0342264703336559	0.372186390906069
2	48625000	48675000	0.0342199854196591	0.373639303737071
2	34625000	34675000	0.0341557729650341	0.369052507052146
2	17975000	18025000	0.0340556578356398	0.376076570894909
2	180625000	180675000	0.0340189478959446	0.376856461666883
2	74025000	74075000	0.0339421262672408	0.367504001270157
2	234375000	234425000	0.0339231978131259	0.371606489534243
2	20275000	20325000	0.0338883974624525	0.363897866825573
2	149375000	149425000	0.0337985636717503	0.370772211482151
2	197325000	197375000	0.0337734812866739	0.371268177089739
2	54175000	54225000	0.0337348532653927	0.376101435344435
2	169975000	170025000	0.0336790196977724	0.365006829702191
2	129075000	129125000	0.0334481588839308	0.376555598738296
2	128025000	128075000	0.0334150834882656	0.367754890182138
2	72775000	72825000	0.0333287775975831	0.361970619635599
2	180225000	180275000	0.0333139329205145	0.371919872099957
2	190625000	190675000	0.0332133245594751	0.365729267355354
2	29425000	29475000	0.0331887812603443	0.367313778898177
2	68025000	68075000	0.0330541818563487	0.362169996340155
2	195375000	195425000	0.0329941291499005	0.371191236070078
2	169575000	169625000	0.0328780057090576	0.369047073393123
2	120025000	120075000	0.0328652904305496	0.375793842952046
2	24275000	24325000	0.0327368307967377	0.368723234735264
2	196525000	196575000	0.0326337286659683	0.369441840991305
2	181825000	181875000	0.0324189332539523	0.372145079076556
2	231025000	231075000	0.0322439393923503	0.367134234018325
2	189125000	189175000	0.0320952822732629	0.363354641405344
2	157125000	157175000	0.0320786965387576	0.376424571010085
2	24375000	24425000	0.0320212997401952	0.36679000858949
2	97425000	97475000	0.0319157977396084	0.363395437692292
2	122275000	122325000	0.0318572310273696	0.359256218632267
2	193125000	193175000	0.0317755489339182	0.367232722095255
2	145275000	145325000	0.0317738595457579	0.377009368541954
2	215675000	215725000	0.0316319159942339	0.377554621754172
2	191175000	191225000	0.0315994285673865	0.368636594637526
2	233525000	233575000	0.031450332439766	0.366216363981724
2	16075000	16125000	0.031099441239904	0.368671973705175
2	146475000	146525000	0.03099551382988	0.373224779161629
2	184075000	184125000	0.0306938697072937	0.381296573013388
2	17525000	17575000	0.0306859823595159	0.376941939347015
2	37325000	37375000	0.0305830062402428	0.369541573885671
2	29575000	29625000	0.0305655597943451	0.368152124141679
2	212575000	212625000	0.0304888495024511	0.374854312986777
2	128575000	128625000	0.0304299626137842	0.373391895230327
2	227675000	227725000	0.0304020653717459	0.37574248803709
2	168975000	169025000	0.0302753935246039	0.372129879776202
2	133375000	133425000	0.0302145896444831	0.367742006380404
2	198375000	198425000	0.0301610101206073	0.363752718674307
2	67925000	67975000	0.0301530260612769	0.361603184965705
2	186125000	186175000	0.0299727873465289	0.377957323254865
2	161325000	161375000	0.0298646141849349	0.364565616128915
2	168775000	168825000	0.0298156259098739	0.373112035900425
2	69725000	69775000	0.0297834068057262	0.362691716167814
2	233875000	233925000	0.0297655813244771	0.364386781673457
2	44075000	44125000	0.0297653007629661	0.364223694448566
2	230225000	230275000	0.0296693084240673	0.366416094461434
2	227925000	227975000	0.0295517318006403	0.372010103021834
2	158725000	158775000	0.0295269474342192	0.359101068170085
2	33225000	33275000	0.0295223104793205	0.365453448172642
2	98625000	98675000	0.0294677700452335	0.355799211740476
2	66175000	66225000	0.0293988775617705	0.35372405855028
2	190925000	190975000	0.0293403097081519	0.366779053035335
2	35575000	35625000	0.0293134828199034	0.374916898322069
2	218325000	218375000	0.0292935234780519	0.362728215064733
2	105425000	105475000	0.0292878633251391	0.378292877990616
2	239025000	239075000	0.0289643226879748	0.364434857496514
2	187075000	187125000	0.0289356422230735	0.365068149125597
2	70875000	70925000	0.0288482446540886	0.365617039040857
2	21525000	21575000	0.0286149471163792	0.378455627791492
2	12525000	12575000	0.0285275839830939	0.35858090752044
2	141625000	141675000	0.0284891425900968	0.371765553481131
2	41225000	41275000	0.0284142866004742	0.352655180913804
2	57025000	57075000	0.0284126419226119	0.368758520866696
2	193225000	193275000	0.0283776338390245	0.365619203233681
2	118975000	119025000	0.0283558074901648	0.367965772746605
2	213075000	213125000	0.0283476748787994	0.364617763090133
2	3075000	3125000	0.0282365059847816	0.371583431249031
2	54325000	54375000	0.0282154784220899	0.369817562875097
2	101025000	101075000	0.0281926766454696	0.372389952135754
2	138875000	138925000	0.0280624529885028	0.35565959870038
2	102275000	102325000	0.0279916627954482	0.361265547285314
2	25775000	25825000	0.027934573176624	0.363194915216631
2	26675000	26725000	0.0279321888971558	0.362298995887025
2	177275000	177325000	0.0279049541474465	0.355584463910942
2	65275000	65325000	0.0278514897841083	0.35454236858271
2	214625000	214675000	0.0278244183557404	0.370658805117492
2	3975000	4025000	0.0277575042600794	0.375207900915639
2	233275000	233325000	0.027677519314102	0.362547001708187
2	120225000	120275000	0.0276148734983171	0.368339640562102
2	191375000	191425000	0.0276033667702492	0.361917185150418
2	36075000	36125000	0.0275754169306378	0.367741402156853
2	26525000	26575000	0.0275388056228405	0.361499047646309
2	43175000	43225000	0.0272854572048965	0.349370166608215
2	236475000	236525000	0.027187870193525	0.363964637489141
2	207825000	207875000	0.027165278980846	0.370133055623695
2	18675000	18725000	0.0271635341841324	0.366727831916495
2	17825000	17875000	0.0270359338470229	0.371136657478521
2	67425000	67475000	0.0269742585722654	0.365341924686039
2	23575000	23625000	0.026964113508387	0.369953162860244
2	170075000	170125000	0.0268790936031725	0.358247826237723
2	67675000	67725000	0.0268634710892944	0.364149491045277
2	31325000	31375000	0.0267848179816396	0.36445199110937
2	136175000	136225000	0.0267064529559311	0.360571405369365
2	3375000	3425000	0.0265769540346317	0.365387902775463
2	150125000	150175000	0.0265702843970096	0.356866325248035
2	34775000	34825000	0.0265667305152595	0.362187965572545
2	195275000	195325000	0.02655662525998	0.367357176086228
2	197875000	197925000	0.0265198623791695	0.360662251524887
2	48125000	48175000	0.0264947955024826	0.361332411518748
2	211875000	211925000	0.0264904539419955	0.372290186151727
2	72025000	72075000	0.0262221358503039	0.360756654496136
2	234625000	234675000	0.0261387695576324	0.364736068732146
2	37875000	37925000	0.0260426241518616	0.360070104196084
2	219975000	220025000	0.0258811216916033	0.360282321258982
2	235175000	235225000	0.0255933164765778	0.361853560776723
2	140475000	140525000	0.0255311894033169	0.373826517545325
2	49125000	49175000	0.0254163147662992	0.3687740420561
2	48975000	49025000	0.0254112347732831	0.367587439371367
2	174925000	174975000	0.0253549897367115	0.360859340147961
2	63275000	63325000	0.0253197945451649	0.365878612394667
2	84075000	84125000	0.0251983021671979	0.36872242872767
2	70275000	70325000	0.0251760321444118	0.353503845382007
2	179775000	179825000	0.0251291173047994	0.35493102077924
2	200325000	200375000	0.0250182888590637	0.372150896652895
2	149625000	149675000	0.0250142247552946	0.363802391037308
2	25575000	25625000	0.0249920573217454	0.359314702782807
2	100825000	100875000	0.0249430561715698	0.369925467612131
2	149525000	149575000	0.0249251551464608	0.362955160461421
2	232075000	232125000	0.0247479294885787	0.352847068040886
2	75425000	75475000	0.024739285840866	0.347495858895306
2	106825000	106875000	0.024708085618686	0.36038577181803
2	44675000	44725000	0.0246718049229241	0.366953995698567
2	127925000	127975000	0.024660681510879	0.364424349529919
2	228475000	228525000	0.0245211015094627	0.361245898129687
2	208025000	208075000	0.0244465152301163	0.359598213575103
2	70975000	71025000	0.0244131297864221	0.364196096672661
2	191475000	191525000	0.0243746040344084	0.357326748569591
2	128425000	128475000	0.0243702989213836	0.362650235788647
2	44575000	44625000	0.0242112323775602	0.365954428201358
2	41375000	41425000	0.0241871358913062	0.34774297167645
2	76175000	76225000	0.0241836232183941	0.361331424232465
2	144125000	144175000	0.0241461616673265	0.367151568218341
2	18325000	18375000	0.024108930256488	0.364509776448637
2	101325000	101375000	0.024090122134915	0.359582738721514
2	26775000	26825000	0.0238639675637919	0.358501817864594
2	84175000	84225000	0.0238011107514865	0.367067108822466
2	154275000	154325000	0.0237948091563494	0.368114730781834
2	59075000	59125000	0.0237844221587128	0.358652191935269
2	151425000	151475000	0.0237367313421529	0.35775603134646
2	36725000	36775000	0.023711902443698	0.359455638628113
2	72125000	72175000	0.0235092552443472	0.359123950730313
2	103225000	103275000	0.0234681952700104	0.365570831716706
2	202275000	202325000	0.0233185180641722	0.351371076395396
2	156625000	156675000	0.023311889745502	0.366180827901549
2	145675000	145725000	0.0232888542850789	0.368776320313696
2	59275000	59325000	0.0232840066655034	0.36423152502052
2	137525000	137575000	0.02322081429408	0.368208018070797
2	208475000	208525000	0.0231678149945258	0.354464074353336
2	153175000	153225000	0.0231608316848483	0.354502588323664
2	12275000	12325000	0.0230919646525427	0.356974993876812
2	128775000	128825000	0.0230712094989622	0.3684105167996
2	67325000	67375000	0.0230410855876504	0.358988881228281
2	58125000	58175000	0.0230243095382635	0.360887593589825
2	235825000	235875000	0.0228100058143258	0.360235136301163
2	226075000	226125000	0.0227854643635153	0.358604896595416
2	207525000	207575000	0.0226645572903899	0.367384507037861
2	237625000	237675000	0.0226612013079847	0.353016831205823
2	76775000	76825000	0.0226263184297837	0.373548771548551
2	128975000	129025000	0.0226157612579654	0.366467156927754
2	148925000	148975000	0.0225885712461242	0.356878450218964
2	148175000	148225000	0.0225033322987938	0.354211532422553
2	100675000	100725000	0.0224030217288405	0.364210807642973
2	188125000	188175000	0.0223810570651864	0.358788832133991
2	67225000	67275000	0.0222771307134535	0.355805055880941
2	186625000	186675000	0.0222767477907936	0.366346443088073
2	154675000	154725000	0.0222326062774439	0.368928415554006
2	223975000	224025000	0.0220493958274085	0.345078424899454
2	153825000	153875000	0.0219061804445672	0.358288853505309
2	151625000	151675000	0.0218679508951448	0.353944912280854
2	148075000	148125000	0.0218235041105246	0.353226275653658
2	186525000	186575000	0.0217735744010535	0.366626237820545
2	207625000	207675000	0.021577789021583	0.367375671791208
2	76425000	76475000	0.0214711419847429	0.366641336713379
2	32375000	32425000	0.0213815319776224	0.36807231327348
2	5475000	5525000	0.0213578186145254	0.365383274441762
2	217975000	218025000	0.0213314041141593	0.364174620372251
2	205525000	205575000	0.0213185365131818	0.365799959945947
2	148275000	148325000	0.0212114773116472	0.353225106016032
2	242575000	242625000	0.0210371616279575	0.369598642798455
2	77875000	77925000	0.0208284717190556	0.368239860590515
2	31775000	31825000	0.0207109262303591	0.358347573434355
2	212025000	212075000	0.0206994587775122	0.369657940451025
2	192825000	192875000	0.0204763972389532	0.350580381700329
2	178175000	178225000	0.0204648347301641	0.358064809046066
2	172025000	172075000	0.0202873067906509	0.352003919137754
2	164375000	164425000	0.0202532255794991	0.361669816837432
2	275000	325000	0.0201759037555995	0.367392970642619
2	158325000	158375000	0.0201601027252869	0.353175330667575
2	63425000	63475000	0.0201444187715445	0.36374436156948
2	56625000	56675000	0.020133976669045	0.363095773229017
2	164925000	164975000	0.0200765841688091	0.364418566057121
2	139325000	139375000	0.0200731011417909	0.356986997126212
2	47375000	47425000	0.0200460359828298	0.345274030638595
2	80175000	80225000	0.0200193208894626	0.370697649436713
2	39775000	39825000	0.019939624843483	0.350891168396497
2	150675000	150725000	0.0199233705235502	0.351965865429969
2	77125000	77175000	0.0199001590460846	0.367980981991992
2	215525000	215575000	0.0198470948655022	0.367071009757447
2	106325000	106375000	0.01984350668793	0.361249182482332
2	153925000	153975000	0.0198287784230745	0.357869730878861
2	71475000	71525000	0.0197730752218844	0.359330476681815
2	18925000	18975000	0.0197182110485286	0.359385171692889
2	100375000	100425000	0.0196834843574906	0.357515559200004
2	144275000	144325000	0.0196598528221832	0.365542540301867
2	207225000	207275000	0.0196051623051251	0.360146668046573
2	166325000	166375000	0.0196043169222131	0.349623007171624
2	209625000	209675000	0.019525322091851	0.3565488679071
2	52625000	52675000	0.0194859799941652	0.365258819634223
2	6525000	6575000	0.0193882936117455	0.359343216604644
2	53575000	53625000	0.0193553463097859	0.365383606822486
2	112975000	113025000	0.019328457730609	0.338368813047536
2	214775000	214825000	0.0193131341547221	0.36246030290918
2	177675000	177725000	0.0192739635219402	0.353401733785153
2	154425000	154475000	0.0192338335062881	0.365670711675562
2	141925000	141975000	0.0192119154323632	0.364583782305846
2	24125000	24175000	0.0191539199214817	0.356704390813719
2	213775000	213825000	0.0190896675691752	0.350019633530429
2	78875000	78925000	0.0189696458590531	0.364813347284865
2	161425000	161475000	0.0188935163981736	0.35426130492197
2	228625000	228675000	0.0188820561347139	0.355908732983973
2	135975000	136025000	0.018855847973089	0.35199859753629
2	234975000	235025000	0.018827018829903	0.355937101266182
2	215775000	215825000	0.0187896000181205	0.364892884094581
2	2475000	2525000	0.0187728093941723	0.367625991997105
2	48525000	48575000	0.0187349258591673	0.357366562382101
2	57425000	57475000	0.018720614379227	0.357178088263335
2	120575000	120625000	0.0186162579019056	0.355381441120013
2	6675000	6725000	0.0185793532576989	0.352937599446537
2	168075000	168125000	0.0185744227248317	0.365465202856879
2	187975000	188025000	0.018507560190386	0.357423246258642
2	143025000	143075000	0.0184548404443053	0.358498808792922
2	188875000	188925000	0.018419759268727	0.349400199077097
2	195025000	195075000	0.0183839436967997	0.359738091576503
2	209825000	209875000	0.018296904201203	0.351488649938169
2	124275000	124325000	0.0182466257201219	0.368550435705926
2	236375000	236425000	0.0182310170445244	0.355440792824088
2	242825000	242875000	0.0182307149062652	0.379041764756712
2	135375000	135425000	0.0182158026824532	0.349598580420375
2	119075000	119125000	0.0181272417197343	0.358499222377946
2	33125000	33175000	0.0180601900189047	0.353255868007928
2	214275000	214325000	0.0179445893229933	0.357711000010059
2	56075000	56125000	0.017842737495634	0.346964988065158
2	17625000	17675000	0.017765449932327	0.363971125063977
2	167525000	167575000	0.0177521170091262	0.357718773098554
2	150775000	150825000	0.0176383151131577	0.350561755693804
2	184825000	184875000	0.0176341843674429	0.365311481665529
2	141275000	141325000	0.0176089790990161	0.359757489466172
2	83575000	83625000	0.017488753916309	0.359575154669173
2	212725000	212775000	0.0174782123189639	0.359135737600069
2	178275000	178325000	0.0174500934712997	0.356974806172342
2	221525000	221575000	0.0174492639199373	0.364381836925735
2	57125000	57175000	0.017439556201276	0.357313333880366
2	193575000	193625000	0.0174104483453016	0.360897404556579
2	185075000	185125000	0.0173463524929891	0.362240297180705
2	198025000	198075000	0.017292509182285	0.350520632875998
2	7875000	7925000	0.0172911503019488	0.355554105657624
2	128875000	128925000	0.0172695997716719	0.361864951256885
2	217875000	217925000	0.0171836129307077	0.358723205968521
2	206125000	206175000	0.0171443858647156	0.360148748769911
2	45425000	45475000	0.0171358223242057	0.354073914519724
2	123075000	123125000	0.0171341169029258	0.362124981344349
2	163725000	163775000	0.0171212363847857	0.359574658260037
2	146225000	146275000	0.0171023003065124	0.359211736933843
2	80775000	80825000	0.017085737881017	0.367941231796982
2	205375000	205425000	0.0170621644810132	0.35724204686638
2	127525000	127575000	0.0170542261653748	0.366443430503906
2	18425000	18475000	0.0170509995909198	0.357681717635623
2	189575000	189625000	0.0170441946021091	0.350638173345615
2	19175000	19225000	0.0169407585280213	0.359079419399786
2	200175000	200225000	0.0169037463907513	0.364084479389579
2	5625000	5675000	0.0168174804762792	0.361651587670495
2	163575000	163625000	0.0167738817046612	0.361302691528146
2	164675000	164725000	0.0167549230279512	0.35932764282026
2	59475000	59525000	0.016718767469065	0.363746034402542
2	34975000	35025000	0.0167104541712852	0.359497751561391
2	185675000	185725000	0.0166620235550259	0.357078816923725
2	134025000	134075000	0.0166487810175759	0.354527698773934
2	195925000	195975000	0.0166426248799647	0.351039436225955
2	227075000	227125000	0.0165946576598734	0.360306968674994
2	78275000	78325000	0.016582136146266	0.36242918860857
2	160325000	160375000	0.0165272016262791	0.343493032919922
2	51925000	51975000	0.0165117649833025	0.364601789843233
2	141175000	141225000	0.0164773861435105	0.359648844712779
2	19825000	19875000	0.0164436579238622	0.352483613533248
2	178475000	178525000	0.0164384269261427	0.360359958309413
2	142025000	142075000	0.0163958984325995	0.362304396470652
2	28175000	28225000	0.0163226136205686	0.350592702385899
2	200575000	200625000	0.0162240554104024	0.361462210973755
2	51575000	51625000	0.0162166577960763	0.362291850105501
2	145925000	145975000	0.0161883322639821	0.361434509809682
2	775000	825000	0.016146056802696	0.362782318701565
2	1325000	1375000	0.0161295967416159	0.353092650291303
2	4375000	4425000	0.016091057983751	0.359706625376936
2	154875000	154925000	0.0160874831337476	0.361246794736659
2	183225000	183275000	0.0159665863639804	0.343335238033429
2	15125000	15175000	0.0159562299297724	0.361954528625708
2	82125000	82175000	0.0159291529994974	0.368407923287236
2	22525000	22575000	0.0157237464152564	0.365532878347533
2	154025000	154075000	0.0157217851432751	0.355843743912016
2	196375000	196425000	0.0157203219522962	0.351925609032796
2	15875000	15925000	0.0156604930529251	0.350748834857834
2	147025000	147075000	0.0156437760161864	0.358911782750049
2	233025000	233075000	0.0156110958239776	0.35058402907019
2	142675000	142725000	0.0156031891016553	0.361630537308868
2	185775000	185825000	0.0155954166422642	0.359665681524587
2	241975000	242025000	0.0155399277002413	0.353793451212329
2	73275000	73325000	0.0154361840305474	0.336757089443032
2	49875000	49925000	0.0153203626961486	0.365560372851851
2	194375000	194425000	0.0152683995467159	0.357879841149841
2	119225000	119275000	0.0152421207544667	0.356757124515336
2	2175000	2225000	0.0152296771944043	0.355653563803929
2	226725000	226775000	0.0151963801401511	0.357958959359308
2	124775000	124825000	0.0151918932062234	0.369260615060059
2	83825000	83875000	0.015180500331462	0.358570414328502
2	117625000	117675000	0.0151788570444206	0.367336585055921
2	102125000	102175000	0.0151549326305491	0.346939100541302
2	145475000	145525000	0.0150537493254932	0.359468826256504
2	152625000	152675000	0.0150159091439369	0.350526100983153
2	57275000	57325000	0.0150005840617171	0.354166209843316
2	78375000	78425000	0.0149820615569531	0.36101363121361
2	49425000	49475000	0.0149750821693475	0.360695854842582
2	215425000	215475000	0.0149170966793177	0.365104586468319
2	77425000	77475000	0.0149099603735759	0.364165890882291
2	76875000	76925000	0.0148691291496286	0.364979687933293
2	108075000	108125000	0.0148122944972712	0.362216353150561
2	168475000	168525000	0.0148013486253801	0.359530612156116
2	16375000	16425000	0.0147946610522721	0.35476211685485
2	215125000	215175000	0.0147187717062797	0.363516336568726
2	78775000	78825000	0.0146619460938409	0.360638402954617
2	84875000	84925000	0.0146517327354597	0.352057727214918
2	216525000	216575000	0.0145393028789032	0.345374552021166
2	146025000	146075000	0.0144513319248862	0.358651929164463
2	5825000	5875000	0.0144044524100856	0.360932674214718
2	8125000	8175000	0.0143962127511976	0.358543287058227
2	84275000	84325000	0.0143286582682705	0.357336527849758
2	123225000	123275000	0.0142653873624269	0.363213414270109
2	130425000	130475000	0.0142633634111125	0.359416102682929
2	221425000	221475000	0.0142532888147076	0.36127145336767
2	138025000	138075000	0.0142484008749093	0.3618826899833
2	21075000	21125000	0.0142192970076658	0.346972197522345
2	78625000	78675000	0.0141846371637719	0.360360227176995
2	116675000	116725000	0.0140690473864212	0.36573309756597
2	120725000	120775000	0.0140485288323183	0.350288073920791
2	137675000	137725000	0.0140271030339851	0.362030948556369
2	30675000	30725000	0.0139990270769688	0.349209313981458
2	58225000	58275000	0.0139812062526082	0.351824142209577
2	184225000	184275000	0.0139502604233727	0.367538428702776
2	81325000	81375000	0.0138857453992595	0.365289415281454
2	229325000	229375000	0.0138785065202071	0.35881216560733
2	119925000	119975000	0.0138185262717366	0.357795783416618
2	138225000	138275000	0.0138167956430961	0.356533683292969
2	118125000	118175000	0.0138096922048483	0.363864915453738
2	23175000	23225000	0.0136759848115797	0.361176829428667
2	144425000	144475000	0.0136362467130007	0.362396215121354
2	218175000	218225000	0.013636162573246	0.353498142894941
2	146775000	146825000	0.013633200196106	0.360927063018661
2	27125000	27175000	0.0135922675846903	0.352454538593102
2	51425000	51475000	0.0135764466398197	0.360399888928642
2	52525000	52575000	0.0135094980860861	0.361176506220144
2	76525000	76575000	0.0134434844283265	0.36112890326283
2	146325000	146375000	0.0134249672319721	0.35448882355318
2	137875000	137925000	0.0134221107311833	0.361743951670849
2	130275000	130325000	0.0134042826865151	0.361941558932781
2	8425000	8475000	0.0133926417149837	0.357225228532022
2	17275000	17325000	0.0133279246778802	0.358406255398085
2	157825000	157875000	0.0133200031225356	0.351181802697679
2	8525000	8575000	0.013318093782993	0.354587374692829
2	14075000	14125000	0.0133084202173059	0.360304856724454
2	51275000	51325000	0.0132934962301356	0.360865188498356
2	53175000	53225000	0.0132857245139832	0.36296247984149
2	13725000	13775000	0.0132819355854035	0.361218188062157
2	115975000	116025000	0.0131923932683728	0.367544289691683
2	138325000	138375000	0.0131639701409593	0.35275537944766
2	14975000	15025000	0.0131173050620356	0.361586533305711
2	164175000	164225000	0.0130804972739384	0.354370993496173
2	124425000	124475000	0.013064325035787	0.365451193704646
2	213175000	213225000	0.0130305026071562	0.348116022285949
2	181475000	181525000	0.0130239228360229	0.355192846035927
2	130025000	130075000	0.0130112487515602	0.359692736365637
2	116925000	116975000	0.0129891279083865	0.365462029656239
2	240625000	240675000	0.0129850030539697	0.347762996708121
2	28325000	28375000	0.0129811907961503	0.351718991274788
2	33475000	33525000	0.012943892278118	0.350511217700604
2	60025000	60075000	0.0129334132268826	0.362914090488586
2	8025000	8075000	0.0129215761098603	0.354715002836348
2	181625000	181675000	0.0128996976046451	0.353898358316843
2	157725000	157775000	0.0128877786315221	0.350826339953588
2	118325000	118375000	0.0128252286290341	0.360466620382017
2	22025000	22075000	0.0128092090314784	0.361152861983428
2	81425000	81475000	0.0127645198130525	0.363441492076101
2	104875000	104925000	0.0127351888356541	0.366240991582202
2	14625000	14675000	0.0126615779836696	0.364057098457577
2	52075000	52125000	0.01261347734688	0.362211701728873
2	60525000	60575000	0.0125780411836705	0.358347140248252
2	78025000	78075000	0.0125765297308414	0.357962289207261
2	79425000	79475000	0.0125261772627452	0.361750811068472
2	30025000	30075000	0.0124693247210977	0.356296171361351
2	49675000	49725000	0.0124327998154916	0.36061011167858
2	79975000	80025000	0.012286611279648	0.363604526606368
2	186775000	186825000	0.0122099168164899	0.355105159930453
2	23075000	23125000	0.0122008010563324	0.360744598373057
2	184375000	184425000	0.0121846501829255	0.364295100716999
2	194275000	194325000	0.0121324650405388	0.359073168158062
2	125825000	125875000	0.012089628610774	0.365926265588085
2	194025000	194075000	0.0120565391533414	0.361624365761709
2	83075000	83125000	0.0120353236483465	0.354847179554299
2	79675000	79725000	0.0119601148166514	0.363136797408423
2	78475000	78525000	0.0118662500176765	0.358082336868687
2	129775000	129825000	0.0118575850862101	0.360401837200187
2	83175000	83225000	0.0118545885518978	0.353854857098945
2	145025000	145075000	0.0118424409558566	0.358892165518032
2	22925000	22975000	0.0118218379113161	0.361930064277496
2	81875000	81925000	0.0117914345923903	0.36321666502853
2	103725000	103775000	0.0117877635748733	0.365306590486946
2	176775000	176825000	0.0117608941415488	0.353041569173891
2	229175000	229225000	0.0117060769144194	0.354838269348884
2	116275000	116325000	0.0116718663206102	0.363055563306944
2	167925000	167975000	0.0116469197449822	0.360721891975259
2	115825000	115875000	0.0115055922760091	0.366309446940878
2	61875000	61925000	0.0115052823765063	0.35088413897445
2	49525000	49575000	0.0114973765871457	0.358127664730773
2	237775000	237825000	0.0114511239258435	0.340848339705107
2	109025000	109075000	0.0113952429247344	0.344643093930591
2	81575000	81625000	0.0113470404751403	0.361508023089362
2	167675000	167725000	0.011303917992808	0.354953116089278
2	236875000	236925000	0.011299981852531	0.346344715212356
2	212825000	212875000	0.0112983548147108	0.351150587960335
2	51075000	51125000	0.0112133020565812	0.359982818678522
2	115125000	115175000	0.0111908099030995	0.362862636813934
2	17425000	17475000	0.011156000619918	0.357462239463266
2	222175000	222225000	0.011137513412994	0.355509162610663
2	186425000	186475000	0.011055582989475	0.356691214531177
2	176525000	176575000	0.0110151352532078	0.358865571981126
2	97625000	97675000	0.0110011948286917	0.343884999720114
2	136875000	136925000	0.0109848154958296	0.345804019628407
2	104125000	104175000	0.010981446755752	0.360852653857308
2	14225000	14275000	0.0109034788044749	0.358467202716883
2	116425000	116475000	0.0109011568572714	0.361392397145878
2	107825000	107875000	0.0108725613789116	0.359847128001617
2	165025000	165075000	0.010737522273172	0.355787208999885
2	139875000	139925000	0.0106846690619802	0.358144271052865
2	215025000	215075000	0.010674453992506	0.357295268943145
2	214925000	214975000	0.0106691883413424	0.355113253380175
2	124125000	124175000	0.0106470798727568	0.361676632784534
2	82875000	82925000	0.0106469644217884	0.356471149822734
2	6375000	6425000	0.0106330395841788	0.356184639381137
2	52425000	52475000	0.0106278762814613	0.360189052909518
2	146625000	146675000	0.0106154081369919	0.355376972214144
2	13375000	13425000	0.0105992345084654	0.355559817583704
2	125075000	125125000	0.0105891448446236	0.362527416507827
2	60425000	60475000	0.0105823476648412	0.35982091526655
2	62425000	62475000	0.0105665585870976	0.345003148037362
2	22375000	22425000	0.0105526085556575	0.36001006729491
2	125575000	125625000	0.010542517052047	0.363746365591322
2	44925000	44975000	0.0105176494275885	0.35329400388112
2	135475000	135525000	0.0105124818148399	0.341849724252461
2	80475000	80525000	0.0105107312345221	0.360229679612567
2	227375000	227425000	0.0104908930659006	0.355017259906133
2	103875000	103925000	0.0104668384111001	0.362617807894229
2	17175000	17225000	0.0104509740577647	0.352972924819984
2	19275000	19325000	0.0104188868970567	0.352502467371981
2	138125000	138175000	0.0104086231303696	0.356250989123415
2	142275000	142325000	0.0103715198440251	0.3576215957935
2	229575000	229625000	0.0103611465289354	0.358297250037155
2	81125000	81175000	0.01035764899901	0.362840059398211
2	127375000	127425000	0.010342996612914	0.362065093961312
2	197125000	197175000	0.0103265378567854	0.349040254262522
2	53025000	53075000	0.0103018442863089	0.361346785169368
2	4175000	4225000	0.0102983062762045	0.358086342981556
2	142175000	142225000	0.0102699841052136	0.356983428890119
2	124875000	124925000	0.0102643413226469	0.363430260025186
2	205725000	205775000	0.0102330481374415	0.360449859633405
2	178375000	178425000	0.0102328154120511	0.353141970151435
2	155775000	155825000	0.0102091518093499	0.354192165693876
2	133525000	133575000	0.0102009829144979	0.35135876273132
2	105025000	105075000	0.0101318755262096	0.363198111508483
2	56725000	56775000	0.0101156172336687	0.352314307506282
2	117825000	117875000	0.0100345302162028	0.361351256322659
2	140825000	140875000	0.00994454551194357	0.356696322788606
2	78125000	78175000	0.00989424641740988	0.355464523088183
2	206025000	206075000	0.00984838390939313	0.355323116987894
2	199525000	199575000	0.00984249020189926	0.358368152747293
2	229775000	229825000	0.00984035255218924	0.35542949335586
2	35375000	35425000	0.00981046530001678	0.357588852912562
2	22225000	22275000	0.00963036319364646	0.358677501739159
2	127225000	127275000	0.00958259434710096	0.362377423019178
2	116775000	116825000	0.00954584065309166	0.361679014789018
2	27425000	27475000	0.00954240229625608	0.349222522875675
2	82525000	82575000	0.00953024642349026	0.362574318765179
2	221075000	221125000	0.00952943809175255	0.356847173059791
2	104675000	104725000	0.00952434869308744	0.363425978404411
2	59825000	59875000	0.00950369756827835	0.359522803257094
2	209525000	209575000	0.00949295984996101	0.348432405704352
2	168275000	168325000	0.00942521114938222	0.354136334282583
2	28475000	28525000	0.00942369196077109	0.348886223738889
2	145575000	145625000	0.00942292470420292	0.354374196184017
2	35075000	35125000	0.00938959512330656	0.355759923679822
2	175000	225000	0.00938026051332547	0.362587878320712
2	193875000	193925000	0.00937533853459865	0.357241027119411
2	24825000	24875000	0.00936332874995172	0.345266659995238
2	155575000	155625000	0.00928936849734469	0.358998434802716
2	52325000	52375000	0.00927173124066394	0.359803849579465
2	181325000	181375000	0.00926356382976434	0.35271068767763
2	225325000	225375000	0.00920576707498594	0.337835124202961
2	6075000	6125000	0.00918516591593216	0.358600921968306
2	47775000	47825000	0.00918467266503753	0.339073234986663
2	140125000	140175000	0.00915617560567639	0.357584583892529
2	14775000	14825000	0.0091220603096257	0.359466256259707
2	212275000	212325000	0.00911882384068907	0.358187682009146
2	21825000	21875000	0.00909809109829562	0.357823505692373
2	107525000	107575000	0.009091609761818	0.359950785947822
2	82425000	82475000	0.00908637543221236	0.362157176516705
2	144675000	144725000	0.00907265064894536	0.358662277003491
2	151125000	151175000	0.00899041059754263	0.344997161037984
2	199675000	199725000	0.00893506492587204	0.357640223257717
2	2625000	2675000	0.00892426491428971	0.357648876680405
2	6275000	6325000	0.00892123383651999	0.358203951502852
2	52225000	52275000	0.00889500676421506	0.359474840030505
2	171525000	171575000	0.00885088874295231	0.344584231584946
2	163425000	163475000	0.00883488801646831	0.353666970212631
2	116125000	116175000	0.00878268332732707	0.361856908327535
2	29775000	29825000	0.00875840215665169	0.350960388783321
2	79525000	79575000	0.00874678407721508	0.35875223739736
2	107625000	107675000	0.00869949335093967	0.358930466349177
2	52775000	52825000	0.00865551337445425	0.354553782880689
2	21925000	21975000	0.00863390308528644	0.356987562319018
2	142425000	142475000	0.00862655641405202	0.35668157911038
2	134975000	135025000	0.00861818259030939	0.340933378964906
2	6175000	6225000	0.0086129732391636	0.359183742990634
2	64375000	64425000	0.00861138191823868	0.342541378265321
2	194125000	194175000	0.0086008341781047	0.359303419468842
2	123975000	124025000	0.00856023826504215	0.360315534102792
2	125325000	125375000	0.00852380465250629	0.361094864753745
2	116575000	116625000	0.00849484642508458	0.359689772648257
2	49975000	50025000	0.00848208271157763	0.359753442013588
2	235725000	235775000	0.00841895940172355	0.345555034387695
2	155475000	155525000	0.0084093003715438	0.358714572506424
2	79875000	79925000	0.00836186542751655	0.359999574143971
2	205825000	205875000	0.00828536400755275	0.358700837432664
2	129875000	129925000	0.00825621299408791	0.355683503994896
2	4275000	4325000	0.00822596918222401	0.353927771231492
2	32475000	32525000	0.00819884834836249	0.359815029801858
2	21375000	21425000	0.00818659348966039	0.355904810165008
2	56825000	56875000	0.00815037568485144	0.349585959670106
2	60125000	60175000	0.00808306648785728	0.358044529536004
2	140325000	140375000	0.00807881950069161	0.356686509240639
2	50325000	50375000	0.00800183315844055	0.360559582596333
2	193775000	193825000	0.00796404331835643	0.354694973220799
2	2875000	2925000	0.00784929999015938	0.354220209603353
2	77775000	77825000	0.00766075437516012	0.359492436425406
2	176425000	176475000	0.00762587632998235	0.353402606055276
2	1225000	1275000	0.00759317665639847	0.351717770122538
2	144825000	144875000	0.00757280730548243	0.356073904320441
2	117375000	117425000	0.00756470490849198	0.360510852008167
2	108575000	108625000	0.00753607412248319	0.353986756482559
2	119425000	119475000	0.00751089149608969	0.350432022237921
2	125425000	125475000	0.0074814600523711	0.360305635528825
2	108225000	108275000	0.00746529785256278	0.354431454677442
2	123625000	123675000	0.00744869476089804	0.360790663146128
2	107925000	107975000	0.00742094630546614	0.355767309740405
2	1075000	1125000	0.00740501449281894	0.355554488969867
2	77575000	77625000	0.00738218862735007	0.359031068201527
2	185225000	185275000	0.00736482399199323	0.349819581829917
2	77675000	77725000	0.00731735334550804	0.360561532296659
2	54525000	54575000	0.00731032174133839	0.346713861699196
2	212175000	212225000	0.00729617959402212	0.357695342083085
2	115625000	115675000	0.00725966565700403	0.362666131310619
2	115525000	115575000	0.00722907458445443	0.362354493930815
2	22125000	22175000	0.00721256958851713	0.355907965337248
2	221775000	221825000	0.00715670564672038	0.354637566246265
2	22775000	22825000	0.00714017533450934	0.357535429255159
2	126275000	126325000	0.00709928331021908	0.362506750411533
2	2275000	2325000	0.00709450257132505	0.353223633734334
2	82725000	82775000	0.00706401562178044	0.35827304639263
2	156975000	157025000	0.00704630435513548	0.355967378447643
2	60325000	60375000	0.00703383954449577	0.357751779932542
2	211675000	211725000	0.00702174651749871	0.349078359153572
2	14375000	14425000	0.00698796288499703	0.3574815594486
2	156475000	156525000	0.00697451270931587	0.347475452190856
2	144575000	144625000	0.00697152031247456	0.357286832893412
2	185875000	185925000	0.00691312640611114	0.354636862802058
2	222075000	222125000	0.00691294193968689	0.354061708895174
2	104225000	104275000	0.00690131696580493	0.357170106808765
2	123375000	123425000	0.00689346803901592	0.359798657412957
2	32575000	32625000	0.00687839739660129	0.361697538513536
2	82225000	82275000	0.00683159668704209	0.35973178291542
2	115425000	115475000	0.00682216736794827	0.361084188605427
2	63525000	63575000	0.00673310160242857	0.349001073944461
2	146875000	146925000	0.0066852111021416	0.353605684588875
2	242425000	242475000	0.00663782286321446	0.349758663543089
2	234475000	234525000	0.00658959554265942	0.345165504944752
2	37125000	37175000	0.00657757463754427	0.347329265047047
2	221925000	221975000	0.00652557332128562	0.354640313061741
2	145775000	145825000	0.00651311388257836	0.352536774459999
2	35725000	35775000	0.00649918964896129	0.350471376068341
2	221225000	221275000	0.00642888348587189	0.353618231133163
2	29875000	29925000	0.00634130347795275	0.35085100124429
2	129675000	129725000	0.00632223047911606	0.354593495988894
2	229675000	229725000	0.00631785256004797	0.353871961089564
2	221675000	221725000	0.0062611106003656	0.353319385105969
2	104375000	104425000	0.00623628502793605	0.359065680524051
2	127025000	127075000	0.00621148976639824	0.360436626870047
2	161525000	161575000	0.00614212235688633	0.3421766974605
2	35225000	35275000	0.00608763014418606	0.355497246839516
2	115275000	115325000	0.00605979298907472	0.359026717063231
2	123775000	123825000	0.00604537645176667	0.358725638478898
2	141425000	141475000	0.00603240767299928	0.34758813958324
2	126075000	126125000	0.00602476540276592	0.360638127796626
2	220925000	220975000	0.00600917959499703	0.352366250371023
2	181125000	181175000	0.00595423708045567	0.349588425435688
2	183725000	183775000	0.0058595054382356	0.34428907730153
2	124525000	124575000	0.00585435593162553	0.360566197592196
2	104525000	104575000	0.0058393578044672	0.359609768117297
2	81025000	81075000	0.00582824215779987	0.358662695454862
2	50975000	51025000	0.00580538485339943	0.355474050223985
2	32825000	32875000	0.00576782814210219	0.359722635711095
2	127125000	127175000	0.00575940795913604	0.359269390846999
2	199875000	199925000	0.00567855881746981	0.353531494885028
2	117175000	117225000	0.00563989762727801	0.358375713459477
2	126625000	126675000	0.00561729041109482	0.362136113817471
2	155875000	155925000	0.00558240654371661	0.347976171838587
2	13475000	13525000	0.00555503828261361	0.3532824756096
2	50475000	50525000	0.00550175824341281	0.357722566608752
2	59675000	59725000	0.00545810793714657	0.355506034946297
2	60225000	60275000	0.00543356879643636	0.355640786220031
2	220775000	220825000	0.00541729433819699	0.348635597896693
2	117525000	117575000	0.00538435354341343	0.357962582507436
2	199775000	199825000	0.0052343412946772	0.353695313490971
2	13925000	13975000	0.00519693237884961	0.352807374103705
2	104025000	104075000	0.00516956814135305	0.355952680195538
2	52875000	52925000	0.00511382913391822	0.355051295360504
2	82625000	82675000	0.00510594584504115	0.358123289443927
2	133625000	133675000	0.00508161763793241	0.348659639508688
2	13625000	13675000	0.00498167897882346	0.352834405395671
2	925000	975000	0.00488953741641029	0.353705178472481
2	181225000	181275000	0.00459926829280061	0.348392791564891
2	32725000	32775000	0.004565053012894	0.361604972883691
2	50175000	50225000	0.00446687234773652	0.357220096973313
2	81975000	82025000	0.00444817930760771	0.356294825684387
2	79075000	79125000	0.00443833054080228	0.350930096046067
2	176625000	176675000	0.00439480387064872	0.351380440300657
2	184625000	184675000	0.00437179576530911	0.354019383390501
2	76675000	76725000	0.00435496076387731	0.354772615687242
2	104775000	104825000	0.00422796486964228	0.358026812125706
2	126925000	126975000	0.00421675059256416	0.359145959801623
2	126475000	126525000	0.00416576711225169	0.360256008147827
2	167825000	167875000	0.00410959631647217	0.352374173037855
2	4525000	4575000	0.00387596152913633	0.344362176938196
2	123475000	123525000	0.00351913185090896	0.357522806594237
2	45975000	46025000	0.00331084978219914	0.333694924348033
2	126825000	126875000	0.00311893118271134	0.358741130386804
2	80925000	80975000	0.00277644073402339	0.355248170272509
2	156875000	156925000	0.00273187281940634	0.351915146372832
2	169375000	169425000	0.0025210356360249	0.341491674409718
2	126725000	126775000	0.00245024457130821	0.358765433770435
2	44825000	44875000	0.00240947372613676	0.345500156929547
2	136975000	137025000	0.00144244488342887	0.336336667121728
2	155025000	155075000	0.00142837027117992	0.345435308618853
