Start	End	Cen
0	6	0
6	13	9
13	37	25
37	51	47
51	80	70
80	101	91
101	109	106
109	121	115
121	138	129
138	151	147
151	162	155
162	171	165
171	177	174
177	191	182
191	198	195
198	204	201
204	218	208
218	225	222
225	239	229
239	246	242
246	263	253
263	281	274
281	293	289
293	306	297
306	314	310
314	333	325
333	339	337
339	350	346
350	371	364
371	380	376
380	390	384
390	401	397
401	411	406
411	424	414
424	437	429
437	450	442
450	463	455
463	479	472
479	487	483
487	501	496
501	508	505
508	522	512
522	532	525
532	540	536
540	558	547
558	574	569
574	581	578
581	589	585
589	607	598
607	618	611
618	632	624
632	640	636
640	651	644
651	659	653
659	677	668
677	685	681
685	693	690
693	700	697
700	713	709
713	722	719
722	731	727
731	739	734
739	752	744
752	762	756
762	775	766
775	781	777
781	790	786
790	801	795
801	816	811
816	830	826
830	840	836
840	852	844
852	860	856
860	876	871
876	884	879
884	893	888
893	904	898
904	915	908
915	924	920
924	943	929
943	952	947
952	960	956
960	974	969
974	982	978
982	997	986
997	1014	1004
1014	1026	1019
1026	1044	1035
1044	1052	1046
1052	1059	1055
1059	1068	1062
1068	1079	1074
1079	1093	1090
1093	1099	1096
1099	1118	1105
1118	1128	1122
1128	1140	1131
1140	1155	1150
1155	1180	1164
1180	1198	1194
1198	1207	1203
1207	1217	1212
1217	1225	1222
1225	1242	1232
1242	1253	1248
1253	1260	1257
1260	1276	1270
1276	1284	1279
1284	1295	1288
1295	1302	1299
1302	1316	1312
1316	1332	1326
1332	1348	1341
1348	1358	1353
1358	1365	1360
1365	1374	1369
1374	1383	1379
1383	1390	1387
1390	1402	1397
1402	1410	1405
1410	1424	1414
1424	1435	1431
1435	1441	1438
1441	1448	1444
1448	1457	1452
1457	1469	1466
1469	1478	1474
1478	1497	1484
1497	1503	1500
1503	1518	1510
1518	1528	1524
1528	1537	1532
1537	1555	1547
1555	1567	1559
1567	1576	1571
1576	1584	1580
1584	1603	1598
1603	1630	1614
1630	1646	1636
1646	1657	1652
1657	1670	1663
1670	1674	1672
1674	1682	1679
1682	1692	1687
1692	1702	1698
1702	1711	1707
1711	1717	1714
1717	1727	1723
1727	1744	1730
1744	1751	1747
1751	1761	1754
1761	1782	1772
1782	1790	1785
1795	1809	1803
1831	1846	1840
1906	1918	1914
1918	1932	1924
1932	1944	1942
1944	1961	1949
1963	1979	1971
1979	1994	1987
1994	2002	1998
2002	2017	2012
2017	2031	2028
2031	2039	2034
2039	2049	2044
2049	2068	2054
2068	2091	2083
2091	2102	2095
2102	2109	2105
2109	2118	2115
2118	2124	2121
2124	2133	2128
2133	2144	2138
2144	2169	2157
2169	2176	2173
2176	2194	2182
2194	2204	2197
2204	2210	2208
2215	2220	2218
2227	2243	2240
2243	2250	2246
2250	2257	2254
2257	2265	2261
2265	2275	2271
2275	2284	2281
2284	2295	2291
2295	2309	2303
2309	2319	2314
2319	2332	2325
2332	2350	2337
2350	2361	2352
2361	2370	2366
2370	2392	2388
2392	2400	2396
2400	2408	2403
2408	2422	2414
2422	2428	2425
2428	2442	2432
2442	2451	2447
2451	2470	2467
2470	2482	2476
2482	2495	2489
2495	2510	2503
2510	2513	2514
2513	2530	2522
2530	2544	2534
2544	2555	2548
2555	2566	2562
2566	2581	2570
2581	2589	2585
2589	2603	2597
2603	2616	2607
2616	2625	2623
2625	2643	2632
2643	2652	2647
2652	2666	2658
2666	2679	2674
2679	2691	2683
2691	2704	2700
2704	2713	2708
2713	2720	2718
2720	2730	2727
2730	2743	2738
2743	2752	2747
2752	2762	2759
2762	2772	2767
2772	2791	2780
2791	2803	2799
2803	2816	2807
2816	2825	2819
2825	2833	2828
2833	2848	2844
2848	2857	2850
2857	2868	2863
2868	2875	2871
2875	2882	2878
2882	2911	2901
2911	2931	2926
2931	2947	2938
2947	2962	2959
2962	2973	2968
2973	2985	2978
2985	2994	2989
2994	3008	3001
3008	3030	3019
3030	3041	3034
3041	3047	3044
3047	3057	3053
3057	3072	3065
3072	3089	3083
3089	3104	3095
3104	3116	3108
3116	3123	3119
3123	3142	3128
3142	3149	3146
3149	3162	3157
3162	3167	3165
3167	3177	3173
3177	3192	3182
3192	3200	3197
3200	3211	3208
3211	3217	3214
3217	3223	3221
3223	3237	3232
3237	3245	3240
3245	3264	3252
3264	3280	3270
3280	3292	3286
3292	3299	3295
3299	3310	3302
3310	3323	3319
3323	3335	3329
3335	3347	3339
3347	3361	3352
3361	3371	3367
3371	3383	3376
3383	3395	3387
3395	3405	3399
3405	3415	3411
3415	3424	3419
3424	3435	3429
3435	3447	3442
3447	3460	3455
3460	3471	3463
3471	3485	3480
3485	3492	3489
3492	3504	3496
3504	3511	3508
3511	3523	3514
3523	3531	3528
3531	3539	3535
3539	3550	3544
3550	3564	3556
3564	3573	3568
3573	3585	3581
3585	3592	3588
3592	3606	3597
3606	3619	3609
3619	3638	3624
3638	3651	3643
3651	3659	3654
3659	3670	3666
3670	3682	3674
3682	3692	3686
3692	3702	3695
3702	3720	3705
3720	3737	3726
3737	3754	3749
3754	3767	3762
3767	3774	3771
3774	3787	3781
3787	3797	3793
3797	3806	3801
3806	3818	3815
3818	3824	3821
3824	3838	3829
3838	3847	3843
3847	3853	3850
3853	3860	3857
3860	3871	3866
3871	3890	3887
3890	3897	3894
3897	3907	3904
3907	3914	3910
3914	3923	3918
3923	3938	3927
3938	3950	3942
3950	3965	3962
3965	3973	3969
3973	3983	3976
3983	3990	3986
3990	3997	3994
3997	4006	4000
4006	4016	4010
4016	4027	4020
4027	4052	4038
4052	4068	4057
4068	4086	4071
4086	4103	4090
4103	4112	4107
4112	4120	4116
4120	4130	4127
4130	4136	4133
4136	4150	4146
4150	4167	4162
4167	4179	4174
4179	4193	4191
4193	4202	4197
4202	4216	4207
4216	4221	4219
4221	4240	4233
4240	4251	4247
4251	4269	4264
4269	4282	4278
4282	4295	4290
4295	4308	4300
4308	4316	4312
4316	4323	4319
4323	4336	4330
4336	4351	4343
4351	4372	4363
4372	4380	4375
4380	4395	4386
4395	4411	4400
4411	4418	4415
4418	4429	4425
4429	4449	4444
4449	4457	4453
4457	4469	4466
4469	4476	4473
4476	4490	4481
4490	4503	4500
4503	4513	4508
4513	4519	4516
4519	4530	4526
4530	4541	4537
4541	4558	4555
4558	4575	4566
4575	4584	4580
4584	4591	4587
4591	4603	4596
4603	4611	4607
4611	4633	4625
4633	4638	4635
4638	4646	4643
4646	4654	4650
4654	4668	4659
4668	4683	4680
4683	4696	4688
4696	4709	4705
4709	4720	4714
4720	4733	4725
4733	4744	4737
4744	4760	4748
4760	4767	4764
4767	4774	4771
4774	4784	4779
4784	4798	4791
4798	4807	4804
4807	4818	4814
4818	4828	4824
4828	4836	4831
4836	4845	4841
4845	4851	4847
4851	4857	4854
4857	4863	4863
