Start	End	Cen
0	6	0
6	13	9
13	30	24
30	37	33
37	50	46
50	61	54
61	74	70
74	97	91
97	101	100
101	110	106
110	117	115
117	138	127
138	145	142
145	176	165
176	185	181
185	191	188
191	204	201
204	218	208
218	225	222
225	239	228
239	250	243
250	263	259
263	275	271
275	287	279
287	293	290
293	305	298
305	314	310
314	322	319
322	333	326
333	339	336
339	351	344
351	359	354
359	372	363
372	379	376
379	391	385
391	401	396
401	411	406
411	417	414
417	431	421
431	451	438
451	459	457
459	469	464
469	479	474
479	487	484
487	501	497
501	509	505
509	521	513
521	532	525
532	545	537
545	551	548
551	558	554
558	574	563
574	582	578
582	591	587
591	606	598
606	618	612
618	640	623
640	647	644
647	677	668
677	685	681
685	711	694
711	721	716
721	730	726
730	739	734
739	752	742
752	762	756
762	770	766
770	781	777
781	790	786
790	800	794
800	809	805
809	816	811
816	832	827
832	840	836
840	852	844
852	860	856
860	869	865
869	876	871
876	884	879
884	892	889
892	903	897
903	916	910
916	924	920
924	932	928
932	943	938
943	952	947
952	960	956
960	977	969
977	997	990
997	1014	1002
1014	1030	1023
1030	1039	1035
1039	1052	1045
1052	1061	1055
1061	1071	1068
1071	1079	1075
1079	1098	1090
1098	1109	1105
1109	1117	1112
1117	1127	1122
1127	1140	1135
1140	1156	1149
1156	1174	1166
1174	1186	1177
1186	1217	1205
1217	1225	1222
1225	1242	1231
1242	1253	1248
1253	1260	1256
1260	1268	1263
1268	1275	1270
1275	1283	1279
1283	1296	1288
1296	1302	1299
1302	1316	1312
1316	1332	1325
1332	1337	1334
1337	1348	1341
1348	1355	1351
1355	1365	1362
1365	1373	1369
1373	1384	1380
1384	1391	1387
1391	1401	1397
1401	1410	1405
1410	1425	1414
1425	1435	1431
1435	1448	1439
1448	1461	1452
1461	1469	1465
1469	1477	1474
1477	1496	1484
1496	1503	1500
1503	1519	1509
1519	1528	1524
1528	1538	1532
1538	1552	1547
1552	1565	1559
1565	1577	1570
1577	1584	1580
1584	1603	1592
1603	1616	1612
1616	1633	1625
1633	1643	1637
1643	1669	1664
1669	1682	1678
1682	1691	1686
1691	1702	1698
1702	1717	1708
1717	1728	1722
1728	1746	1736
1762	1792	1787
1792	1809	1801
1834	1845	1841
1906	1912	1910
1912	1921	1917
1921	1928	1924
1928	1939	1936
1939	1961	1951
1961	1979	1971
1979	1995	1987
1995	2003	2000
2003	2023	2011
2023	2038	2028
2038	2050	2044
2050	2069	2055
2069	2097	2086
2097	2109	2104
2109	2124	2121
2124	2133	2128
2133	2144	2138
2144	2162	2152
2162	2169	2165
2169	2175	2173
2175	2189	2182
2189	2204	2198
2204	2210	2208
2216	2222	2219
2227	2250	2246
2250	2265	2260
2265	2275	2271
2275	2284	2280
2284	2296	2290
2296	2318	2301
2371	2392	2387
2392	2408	2397
2408	2421	2414
2421	2428	2425
2428	2442	2432
2442	2451	2446
2451	2466	2458
2537	2554	2548
2554	2581	2563
2581	2590	2585
2590	2613	2604
2613	2625	2619
2625	2637	2629
2637	2643	2641
2643	2652	2647
2652	2659	2654
2659	2666	2663
2666	2678	2673
2678	2692	2688
2692	2704	2700
2704	2714	2708
2714	2731	2721
2731	2743	2738
2743	2750	2747
2750	2758	2755
2758	2772	2765
2772	2792	2780
2792	2810	2800
2810	2824	2815
2824	2832	2827
2832	2843	2836
2843	2857	2848
2857	2867	2863
2867	2875	2871
2875	2881	2878
2881	2893	2890
2893	2906	2901
2906	2913	2910
2913	2921	2916
2921	2930	2926
2930	2949	2939
2949	2956	2953
2956	2973	2961
2973	2985	2981
2985	2994	2989
2994	3008	3004
3008	3027	3022
3027	3041	3036
3041	3057	3052
3057	3072	3065
3072	3087	3081
3087	3094	3091
3094	3105	3100
3105	3123	3117
3123	3133	3129
3133	3143	3138
3143	3149	3146
3149	3161	3157
3161	3177	3173
3177	3185	3182
3185	3193	3188
3193	3201	3198
3201	3217	3207
3217	3224	3221
3224	3246	3231
3246	3264	3252
3264	3280	3269
3280	3298	3290
3298	3306	3302
3306	3316	3313
3316	3323	3320
3323	3334	3328
3334	3347	3338
3347	3362	3352
3362	3376	3366
3376	3395	3388
3395	3405	3398
3405	3415	3410
3415	3424	3419
3424	3435	3428
3435	3448	3442
3448	3460	3455
3460	3472	3463
3472	3484	3479
3484	3494	3490
3494	3504	3500
3504	3523	3514
3523	3539	3529
3539	3550	3544
3550	3559	3555
3559	3573	3565
3573	3590	3582
3590	3605	3595
3605	3619	3608
3619	3638	3626
3638	3651	3643
3651	3660	3654
3660	3671	3665
3671	3681	3675
3681	3698	3692
3698	3709	3702
3709	3722	3712
3722	3732	3727
3732	3746	3739
3746	3753	3749
3753	3768	3758
3768	3774	3771
3774	3787	3778
3787	3797	3793
3797	3806	3801
3806	3824	3820
3824	3838	3829
3838	3853	3843
3853	3863	3856
3863	3881	3874
3881	3890	3884
3890	3897	3893
3897	3907	3902
3907	3914	3911
3914	3923	3919
3923	3938	3928
3938	3952	3943
3952	3965	3961
3965	3972	3969
3972	3983	3976
3983	4006	3998
4006	4015	4010
4015	4027	4020
4027	4041	4038
4041	4052	4046
4052	4061	4057
4061	4068	4065
4068	4074	4072
4074	4087	4083
4087	4096	4090
4096	4114	4107
4114	4130	4126
4130	4137	4133
4137	4150	4146
4150	4167	4162
4167	4185	4175
4185	4203	4192
4203	4210	4207
4210	4226	4219
4226	4240	4234
4240	4251	4247
4251	4269	4258
4269	4282	4276
4282	4293	4288
4293	4302	4297
4302	4309	4306
4309	4315	4312
4315	4323	4318
4323	4338	4329
4338	4351	4343
4351	4359	4356
4359	4372	4363
4372	4380	4375
4380	4391	4387
4391	4411	4400
4411	4430	4417
4430	4449	4445
4449	4457	4453
4457	4469	4465
4469	4476	4473
4476	4483	4480
4483	4496	4487
4496	4503	4500
4503	4511	4507
4511	4519	4515
4519	4530	4525
4530	4541	4538
4541	4563	4545
4563	4576	4568
4576	4587	4584
4587	4603	4598
4603	4611	4607
4611	4630	4625
4630	4654	4642
4654	4668	4659
4668	4684	4676
4684	4695	4690
4695	4709	4704
4709	4720	4713
4720	4733	4725
4733	4743	4737
4743	4759	4754
4759	4768	4764
4768	4774	4771
4774	4784	4778
4784	4799	4791
4799	4806	4803
4806	4818	4811
4818	4835	4825
4835	4845	4839
4845	4856	4849
4856	4863	4860
