1	14
15	37
38	63
64	75
76	117
118	139
140	151
152	178
179	191
192	199
200	204
205	219
220	236
237	264
265	296
297	315
316	334
335	351
352	372
373	402
403	411
412	417
418	425
426	462
463	479
480	492
493	501
502	509
510	516
517	522
523	532
533	540
541	546
547	551
552	558
559	575
576	583
584	589
590	607
608	619
620	637
638	652
653	657
658	677
678	714
715	740
741	752
753	763
764	775
776	780
781	790
791	801
802	820
821	841
842	852
853	861
862	877
878	892
893	904
905	916
917	924
925	934
935	943
944	953
954	961
962	975
976	996
997	1015
1016	1047
1048	1079
1080	1101
1102	1118
1119	1128
1129	1155
1156	1179
1180	1218
1219	1228
1229	1242
1243	1253
1254	1276
1277	1285
1286	1295
1296	1306
1307	1317
1318	1332
1333	1366
1367	1374
1375	1391
1392	1402
1403	1410
1411	1424
1425	1435
1436	1459
1460	1469
1470	1480
1481	1489
1490	1493
1494	1497
1498	1503
1504	1518
1519	1538
1539	1564
1565	1585
1586	1604
1605	1625
1626	1647
1648	1670
1671	1693
1694	1705
1706	1711
1712	1717
1718	1728
1729	1746
1747	1749
1750	1763
1764	1765
1766	1783
1784	1788
1789	1790
1791	1831
1832	1833
1834	1844
1845	1846
1847	1906
1907	1908
1909	1920
1921	1929
1930	1933
1934	1941
1942	1944
1945	1956
1957	1959
1960	1980
1981	1994
1995	2003
2004	2018
2019	2032
2033	2039
2040	2050
2051	2062
2063	2092
2093	2118
2119	2144
2145	2179
2180	2187
2188	2215
2216	2217
2218	2227
2228	2229
2230	2250
2251	2267
2268	2270
2271	2275
2276	2285
2286	2295
2296	2319
2320	2347
2348	2371
2372	2393
2394	2408
2409	2422
2423	2442
2443	2451
2452	2486
2487	2510
2511	2539
2540	2556
2557	2566
2567	2580
2581	2614
2615	2652
2653	2665
2666	2692
2693	2714
2715	2733
2734	2743
2744	2772
2773	2792
2793	2834
2835	2858
2859	2884
2885	2914
2915	2949
2950	2974
2975	2997
2998	3009
3010	3042
3043	3058
3059	3072
3073	3105
3106	3124
3125	3138
3139	3162
3163	3177
3178	3194
3195	3218
3219	3245
3246	3264
3265	3280
3281	3311
3312	3341
3342	3382
3383	3396
3397	3406
3407	3416
3417	3436
3437	3448
3449	3460
3461	3477
3478	3505
3506	3523
3524	3540
3541	3551
3552	3560
3561	3573
3574	3592
3593	3605
3606	3619
3620	3639
3640	3659
3660	3682
3683	3699
3700	3723
3724	3754
3755	3767
3768	3787
3788	3810
3811	3824
3825	3838
3839	3848
3849	3861
3862	3882
3883	3900
3901	3924
3925	3939
3940	3947
3948	3959
3960	3965
3966	3973
3974	3980
3981	4015
4016	4034
4035	4042
4043	4052
4053	4062
4063	4086
4087	4101
4102	4137
4138	4151
4152	4168
4169	4185
4186	4204
4205	4226
4227	4250
4251	4270
4271	4282
4283	4303
4304	4324
4325	4336
4337	4351
4352	4372
4373	4381
4382	4390
4391	4397
4398	4405
4406	4411
4412	4429
4430	4457
4458	4471
4472	4476
4477	4491
4492	4504
4505	4519
4520	4531
4532	4563
4564	4575
4576	4612
4613	4621
4622	4634
4635	4639
4640	4647
4648	4653
4654	4668
4669	4679
4680	4681
4682	4696
4697	4709
4710	4733
4734	4744
4745	4760
4761	4775
4776	4784
4785	4798
4799	4819
4820	4828
4829	4840
4841	4852
4853	4857
4858	4861
4862	4864
