2	20825000	20875000	0.145022610775029	0.465550176113726
2	163975000	164025000	0.132089054483822	0.457448513001542
2	237975000	238025000	0.122726652517531	0.450246970502662
2	42025000	42075000	0.120783021231031	0.442946334513088
2	65775000	65825000	0.119411919600147	0.451784243086477
2	153575000	153625000	0.119211043033625	0.451186472366535
2	132575000	132625000	0.118641348877746	0.451705053764355
2	177975000	178025000	0.115722851867549	0.449617894361762
2	223475000	223525000	0.115193792953509	0.432280095388248
2	50725000	50775000	0.114944941788531	0.446333539673287
2	27875000	27925000	0.11474883346982	0.438209918082124
2	96625000	96675000	0.11405832303298	0.421607373116625
2	121825000	121875000	0.113398743847688	0.441474726000983
2	192375000	192425000	0.112924396812071	0.439880690753883
2	148675000	148725000	0.112515286628694	0.448837199556618
2	190275000	190325000	0.11202201506547	0.438054730361309
2	10525000	10575000	0.111989101970453	0.43674619757726
2	1775000	1825000	0.111891397166156	0.436292887252192
2	43025000	43075000	0.111732127705897	0.443613685172422
2	139575000	139625000	0.111579480971579	0.442708547053676
2	223775000	223825000	0.108773078510407	0.427092363382496
2	62625000	62675000	0.107683483227256	0.434847868677705
2	182575000	182625000	0.106923658339836	0.437286443638769
2	181925000	181975000	0.106049952047682	0.442817150305017
2	235425000	235475000	0.105452042527631	0.440259345699907
2	213425000	213475000	0.104916223549804	0.439109883436004
2	217525000	217575000	0.10481399196205	0.434534234986345
2	196925000	196975000	0.104736587103523	0.42623720225875
2	143725000	143775000	0.104327982259364	0.437857789213681
2	225125000	225175000	0.104073054625752	0.425243354485385
2	15725000	15775000	0.103844881487042	0.448297734950127
2	176975000	177025000	0.103716641370795	0.439211245020937
2	85825000	85875000	0.102786796719937	0.420564815527445
2	165825000	165875000	0.102312261262225	0.430163058355233
2	3725000	3775000	0.10132124970844	0.44034991828237
2	43425000	43475000	0.100808503057649	0.430460862133596
2	200825000	200875000	0.100536903731053	0.435085631015058
2	65075000	65125000	0.0998501261464591	0.431074828145038
2	19525000	19575000	0.0998064429887196	0.437185831890801
2	38475000	38525000	0.0995930781766932	0.417291583298029
2	138575000	138625000	0.0991730350376214	0.441515297300429
2	232275000	232325000	0.0991095813052986	0.42657537812924
2	113325000	113375000	0.0988917077554612	0.399704986428372
2	13125000	13175000	0.0981190635450011	0.435771166301681
2	187325000	187375000	0.097953467439664	0.433135762688754
2	47975000	48025000	0.0977261110453398	0.4257413433003
2	150375000	150425000	0.0975852708340296	0.439171306345199
2	85525000	85575000	0.0966923763707974	0.416477148216945
2	236025000	236075000	0.0963134942579187	0.43731337637843
2	101575000	101625000	0.0962062247372539	0.418277478248277
2	118525000	118575000	0.095970850044756	0.444022273597978
2	55875000	55925000	0.0959437025645434	0.409775193660932
2	96425000	96475000	0.0956871039499455	0.386750518610061
2	220575000	220625000	0.095421412433923	0.43758354556225
2	1525000	1575000	0.0954124617240279	0.420690008169617
2	47625000	47675000	0.0949372795336437	0.420255808750019
2	216775000	216825000	0.0943315098300161	0.428913642498652
2	29425000	29475000	0.0940256348291645	0.415152213141271
2	175225000	175275000	0.093508224090425	0.421900557798873
2	147425000	147475000	0.0933921607936975	0.432124176608342
2	218625000	218675000	0.0930347104292251	0.421096400859386
2	242825000	242875000	0.092773452535374	0.388504893677883
2	30375000	30425000	0.0926145974869218	0.422394326199948
2	173325000	173375000	0.0925953128400802	0.41722374935077
2	105925000	105975000	0.0924535069428978	0.416388736122463
2	10175000	10225000	0.0924476146026529	0.415890360554371
2	47525000	47575000	0.0920219313499724	0.416683188077533
2	68275000	68325000	0.0919377753491394	0.421313282672266
2	106125000	106175000	0.091851250760732	0.412772979590694
2	135675000	135725000	0.0918455610379968	0.431485412067984
2	230575000	230625000	0.091696730212081	0.426960939108721
2	163175000	163225000	0.0914249099846406	0.42151656486988
2	189925000	189975000	0.0909297111059911	0.411661717274947
2	75875000	75925000	0.0904182482458719	0.421157792375419
2	29125000	29175000	0.0901754127598685	0.408911920213596
2	198225000	198275000	0.0900638841726714	0.421559475425446
2	56375000	56425000	0.0899555057623275	0.41895922485236
2	121425000	121475000	0.0895676864402251	0.425180255863575
2	20075000	20125000	0.0895424079106827	0.419348994668425
2	55425000	55475000	0.0893927299667604	0.412906036456786
2	208325000	208375000	0.0891382535470942	0.417181129145351
2	113475000	113525000	0.089089399221288	0.390186437457772
2	119575000	119625000	0.0889947079457401	0.427563167963308
2	222425000	222475000	0.0889630523835978	0.422137605196321
2	122525000	122575000	0.0889139303922712	0.421835917044551
2	113725000	113775000	0.0886796687470257	0.390249639589466
2	36525000	36575000	0.0884118045804982	0.426655263062732
2	201725000	201775000	0.0884089782970082	0.423778879932478
2	216175000	216225000	0.0878056332167569	0.419551069132006
2	70475000	70525000	0.0876868229046752	0.414399928653027
2	224825000	224875000	0.0876742254417124	0.412950659687403
2	209225000	209275000	0.0875308385052453	0.425164656062417
2	64225000	64275000	0.0870911287913003	0.409657161839792
2	39975000	40025000	0.0869362310394595	0.414425194943751
2	20525000	20575000	0.0867371516643854	0.406900898775818
2	9525000	9575000	0.0866542139418087	0.406676573541503
2	214075000	214125000	0.0863333407280713	0.424392714043144
2	131075000	131125000	0.0861742212961526	0.402062547095539
2	71725000	71775000	0.0861192391469042	0.419286428255039
2	11925000	11975000	0.086085850014805	0.42503315420182
2	199175000	199225000	0.0860754717652318	0.425360448928465
2	11575000	11625000	0.0859514333229712	0.416065668461824
2	62075000	62125000	0.0859430180532825	0.418362323404798
2	64525000	64575000	0.0858969590133872	0.412136305414324
2	180975000	181025000	0.0855422830517262	0.42456497975609
2	149825000	149875000	0.0853969491668523	0.425444010534249
2	208925000	208975000	0.0849019937748602	0.418595501385594
2	69525000	69575000	0.0845744368607975	0.418962312592709
2	46175000	46225000	0.0843120032910799	0.418234282004583
2	8825000	8875000	0.0841654261659172	0.417456572015072
2	45175000	45225000	0.0841351936462619	0.424350517352483
2	226525000	226575000	0.0840512385633645	0.424863659623441
2	100125000	100175000	0.083788922212195	0.424580474378753
2	86375000	86425000	0.0837354971644242	0.403142206398403
2	189375000	189425000	0.0836441551689626	0.416372776030296
2	172975000	173025000	0.083362827972347	0.41745228463237
2	133925000	133975000	0.0833627521266651	0.418884239507114
2	53975000	54025000	0.0829291807213364	0.422574323318996
2	75625000	75675000	0.0827993006119335	0.409085274411231
2	112775000	112825000	0.0827449343829624	0.382706934365153
2	11225000	11275000	0.0822608220843481	0.408240225422248
2	70125000	70175000	0.0818622072243333	0.407442593838294
2	159725000	159775000	0.0818545669512585	0.413773423017657
2	10925000	10975000	0.0816618819979344	0.407117439165366
2	10825000	10875000	0.0816316928775095	0.406912634654785
2	242575000	242625000	0.0815678442860085	0.3824647007547
2	12825000	12875000	0.081527454720926	0.415101617899121
2	220225000	220275000	0.0807409159718071	0.413623260173221
2	131525000	131575000	0.080412636284772	0.390662227268872
2	169775000	169825000	0.0803783382657021	0.41630166252197
2	171775000	171825000	0.0803563539052149	0.419768166693701
2	241375000	241425000	0.0800769036453389	0.405767753679709
2	114725000	114775000	0.0797702508151418	0.406817532043808
2	28675000	28725000	0.0797570956025785	0.397850229406502
2	30925000	30975000	0.0797048172323884	0.416796466398408
2	102475000	102525000	0.0796414529381227	0.414981869369694
2	196525000	196575000	0.0792868323831559	0.411646541499148
2	170275000	170325000	0.0791495871929106	0.413841070491005
2	201325000	201375000	0.079018278490127	0.410176178204437
2	9925000	9975000	0.0790115289373181	0.40113874167672
2	62975000	63025000	0.078958828953212	0.410484383261687
2	101825000	101875000	0.0786392618062985	0.407542588898503
2	231675000	231725000	0.0784889385882082	0.410432838954447
2	47125000	47175000	0.0780479831107924	0.40780397830129
2	27575000	27625000	0.0777899407994891	0.404114687859501
2	142875000	142925000	0.0776934575217958	0.422385575763292
2	236675000	236725000	0.0775955911535746	0.417733377525937
2	153025000	153075000	0.0774096187251501	0.412746460948539
2	43775000	43825000	0.0773350280587732	0.410201354955695
2	182975000	183025000	0.0773005824644326	0.411038870346418
2	210175000	210225000	0.0769268790381672	0.414233605031081
2	188325000	188375000	0.0766071760772444	0.416668200206732
2	60875000	60925000	0.0765982621552709	0.414946363636569
2	178925000	178975000	0.0765029038201728	0.40584243452216
2	38725000	38775000	0.0763414811476482	0.392183561893164
2	242275000	242325000	0.0760185039468633	0.383113858806975
2	231925000	231975000	0.0758508296769248	0.402146657115144
2	206525000	206575000	0.0756963389108241	0.404654174014745
2	65425000	65475000	0.0756315588503444	0.407060671258037
2	74875000	74925000	0.0754563378763096	0.400676147221015
2	227625000	227675000	0.0753335200341296	0.415768798212858
2	70825000	70875000	0.0752105680621953	0.405409624983149
2	86025000	86075000	0.075159224512026	0.39664969321366
2	71225000	71275000	0.075086277236978	0.406604504018901
2	99225000	99275000	0.0748886404146979	0.410311686823809
2	197625000	197675000	0.074795603873445	0.398031740387839
2	169175000	169225000	0.0746140957990043	0.411771536183003
2	122075000	122125000	0.0744078601960219	0.401047171518718
2	203425000	203475000	0.0741246138176965	0.406451255842271
2	42275000	42325000	0.0739565867581511	0.39759550295946
2	183525000	183575000	0.0738960413970248	0.414935032496526
2	217325000	217375000	0.0738904440534778	0.402046902994812
2	203025000	203075000	0.0737730214764902	0.403815593643305
2	8925000	8975000	0.0737421806840575	0.404477307228331
2	48325000	48375000	0.0737056870856878	0.404945954816215
2	9225000	9275000	0.0735397475637532	0.39660681619338
2	72375000	72425000	0.0731745180882455	0.410039705240974
2	151275000	151325000	0.073156009025865	0.414585337513421
2	61225000	61275000	0.0727764064460351	0.408736149326121
2	68675000	68725000	0.072709257051584	0.40257521310154
2	222825000	222875000	0.0725907167852416	0.399636412311114
2	216275000	216325000	0.0724591247529128	0.406974865409193
2	38075000	38125000	0.0724579180703027	0.401327280661995
2	45825000	45875000	0.0722747282623945	0.406513206623964
2	242125000	242175000	0.071782285954258	0.381976890010079
2	175575000	175625000	0.0717269324388961	0.400423634274877
2	56225000	56275000	0.0711835924739522	0.392301811653332
2	101175000	101225000	0.0710940464761421	0.396659239613393
2	73075000	73125000	0.0710015871016463	0.401174118225911
2	108775000	108825000	0.0709063134638864	0.411904309295862
2	206825000	206875000	0.0708276648915518	0.403244728113298
2	106675000	106725000	0.0704488217878004	0.396451153110605
2	208575000	208625000	0.0704435441545993	0.400376268949639
2	54325000	54375000	0.07021311524143	0.407099757941471
2	7175000	7225000	0.0700057001129262	0.402779920216153
2	29025000	29075000	0.0699267915230105	0.387869154435978
2	73475000	73525000	0.0698944730039974	0.398395312337245
2	135175000	135225000	0.0697364454025187	0.410386407716701
2	109325000	109375000	0.0694519226203164	0.40375854554254
2	202625000	202675000	0.0693900350099187	0.399653800723133
2	173625000	173675000	0.0693228642236261	0.395870113581512
2	197175000	197225000	0.0691562218890154	0.387640618917038
2	143375000	143425000	0.0689108479688352	0.402915010478692
2	103325000	103375000	0.0687315483072802	0.410619520788086
2	238675000	238725000	0.068663726588729	0.402424533492841
2	172275000	172325000	0.0685929960752195	0.407719875434094
2	156175000	156225000	0.0685799156915004	0.419246407519857
2	85125000	85175000	0.0685780834721699	0.401139096542947
2	17875000	17925000	0.0684482660564122	0.398248326085393
2	210825000	210875000	0.0682810800975049	0.396517170964576
2	202075000	202125000	0.0682317513674962	0.404540886841541
2	38975000	39025000	0.068123411395403	0.38979711007983
2	69125000	69175000	0.068107572456476	0.400595356748408
2	44225000	44275000	0.0680101371562849	0.405008708394461
2	158875000	158925000	0.0679835500698622	0.405123377880977
2	179325000	179375000	0.0679031977279634	0.396579092997945
2	241775000	241825000	0.0672581244679188	0.384684309980396
2	40975000	41025000	0.0666945791076258	0.395117628165625
2	240925000	240975000	0.066684815459753	0.402593497600711
2	86275000	86325000	0.066469383753789	0.388310141431893
2	39475000	39525000	0.066412322968824	0.395914717360266
2	165375000	165425000	0.0663694677950785	0.402001667072992
2	64125000	64175000	0.06624299216895	0.387584587433293
2	23975000	24025000	0.0660796750441103	0.405671693130326
2	233375000	233425000	0.0656158019231915	0.403438595156678
2	196175000	196225000	0.0654380542475202	0.401623963357609
2	134575000	134625000	0.0653463027669777	0.412055172056633
2	232675000	232725000	0.06527449375825	0.407339785244991
2	161825000	161875000	0.0650773293871887	0.406277274418981
2	63775000	63825000	0.0648998270087444	0.392606425998445
2	74025000	74075000	0.0648801619828621	0.396015657167271
2	178625000	178675000	0.0647936858778956	0.400732839812577
2	152325000	152375000	0.0644308553626461	0.40481567705427
2	85225000	85275000	0.0643681406927158	0.393735093457336
2	74375000	74425000	0.0643299255633978	0.394288469439936
2	241075000	241125000	0.0642963133519535	0.396645704037473
2	18575000	18625000	0.0642690244188094	0.398817404281104
2	163675000	163725000	0.0642074328362554	0.387096207489375
2	73925000	73975000	0.0640580142598359	0.39471448110767
2	26375000	26425000	0.0640319974350744	0.396669093764658
2	25425000	25475000	0.0640158584609886	0.39873371773772
2	107225000	107275000	0.063888128305448	0.40186055842197
2	204775000	204825000	0.0637835709339137	0.406097929893788
2	174075000	174125000	0.0632885535189019	0.393703527892697
2	152075000	152125000	0.0631926968843268	0.403670693210402
2	166725000	166775000	0.0629166353720443	0.398596051074077
2	204325000	204375000	0.0628846203064289	0.389095034072062
2	162775000	162825000	0.0628446055888591	0.397904327852159
2	162975000	163025000	0.0628435813443821	0.39581638832247
2	211025000	211075000	0.0624470926166579	0.390236331771099
2	155225000	155275000	0.0624305518649739	0.409193065559634
2	157425000	157475000	0.062368412012805	0.403664730247471
2	234825000	234875000	0.0622578747849867	0.396263451052778
2	54925000	54975000	0.0621109421389316	0.396381821288554
2	33225000	33275000	0.0620127861391144	0.394524079406313
2	204675000	204725000	0.0619155575877249	0.399389959144838
2	64775000	64825000	0.0616736859940888	0.390974126855396
2	40425000	40475000	0.0615802072248418	0.39328216549881
2	175875000	175925000	0.0615179430608476	0.391473613644959
2	130675000	130725000	0.0614846518420196	0.391273440494892
2	86575000	86625000	0.061343531589612	0.37588214393534
2	100825000	100875000	0.0612865920167723	0.398467988422979
2	16925000	16975000	0.0612483818044546	0.398673236850996
2	101325000	101375000	0.0609321176937486	0.37977761196262
2	152875000	152925000	0.0609084256321455	0.39878993291787
2	98975000	99025000	0.0608660127159227	0.397313405073346
2	48625000	48675000	0.0607923692223405	0.396981721974566
2	186125000	186175000	0.0605507044882495	0.407909210776579
2	241975000	242025000	0.0604297241517838	0.373723577403315
2	7525000	7575000	0.0603518947588537	0.39784345362874
2	159575000	159625000	0.0602732177490918	0.39439046064734
2	187525000	187575000	0.0601990359145696	0.395106452571955
2	160025000	160075000	0.0599142603704442	0.39208680117311
2	48775000	48825000	0.0598862535864605	0.399642533299426
2	136475000	136525000	0.0598361501750812	0.400798498189922
2	192675000	192725000	0.0595040932655396	0.385818753421102
2	177475000	177525000	0.0591479710720398	0.393842794144218
2	103425000	103475000	0.0590025543982435	0.403902568795511
2	157175000	157225000	0.0589750726736749	0.398646575875528
2	146525000	146575000	0.058900075905574	0.395708673566582
2	84525000	84575000	0.0588577491895411	0.396918314239875
2	33825000	33875000	0.0587202735328867	0.39885604661704
2	154325000	154375000	0.0587171831257005	0.391479424570698
2	218925000	218975000	0.0586897996056248	0.386435145009561
2	18025000	18075000	0.0586576000872028	0.389951559717437
2	37625000	37675000	0.0583445419182285	0.397605262004186
2	26975000	27025000	0.0583250692401193	0.392078502984681
2	167275000	167325000	0.0580129628088805	0.397345847983889
2	233175000	233225000	0.0578077106685501	0.395704494887515
2	219025000	219075000	0.0575426386214459	0.388687303936479
2	179575000	179625000	0.0574918489103437	0.388803920364666
2	20275000	20325000	0.0573276526783879	0.382848532926659
2	16675000	16725000	0.0572803134601446	0.390177390964712
2	75275000	75325000	0.0572031233162802	0.382404683305831
2	229525000	229575000	0.0571251690217418	0.398690659323601
2	174925000	174975000	0.0567085848657424	0.38713785615562
2	42575000	42625000	0.0564868836538	0.387235352516837
2	176525000	176575000	0.0563921229562034	0.391238069688222
2	234175000	234225000	0.0562474009483598	0.391877914114213
2	216975000	217025000	0.0561997661780757	0.388445290218601
2	40125000	40175000	0.0561237076282481	0.386855866528739
2	170775000	170825000	0.055995969831278	0.390693742895597
2	30025000	30075000	0.0558665110655801	0.381788505566643
2	25025000	25075000	0.0558540245556043	0.393573896443665
2	3375000	3425000	0.0558532263035137	0.392159769008141
2	239925000	239975000	0.0557506571320578	0.3975011388423
2	221525000	221575000	0.055663686689134	0.401356835737822
2	165525000	165575000	0.0555700125785683	0.385489554731002
2	191875000	191925000	0.0554926488564207	0.407005442012172
2	187675000	187725000	0.0554041182618045	0.394687516004665
2	46675000	46725000	0.0551435915247264	0.389023260086131
2	122275000	122325000	0.055074546718038	0.380564521376255
2	228175000	228225000	0.0550289756972857	0.394794347371771
2	203725000	203775000	0.0550159468397113	0.386241794897881
2	216875000	216925000	0.0550149237391815	0.388428752093762
2	96925000	96975000	0.05489355093728	0.376153652855281
2	168975000	169025000	0.0548736510153398	0.397693490640178
2	225625000	225675000	0.0548308010274517	0.383233227501394
2	169575000	169625000	0.0548008709550734	0.388510053654787
2	210425000	210475000	0.0547628121070701	0.387626972575977
2	160925000	160975000	0.054756799144747	0.397452527069855
2	61725000	61775000	0.0547096219535999	0.38916416657972
2	127775000	127825000	0.054694541339654	0.401932676168991
2	24625000	24675000	0.0544430086814523	0.394567844367526
2	211275000	211325000	0.0544130300643783	0.388645641159108
2	39075000	39125000	0.0542793766791489	0.378285722539141
2	72975000	73025000	0.0541057255806977	0.385234350423315
2	160575000	160625000	0.0540643473354755	0.391800830615376
2	198625000	198675000	0.0539323880155043	0.39478188660697
2	179975000	180025000	0.0539177320569872	0.387255271381322
2	204075000	204125000	0.0538849219709074	0.382185100025097
2	53425000	53475000	0.0536299694741701	0.397609897625231
2	188675000	188725000	0.0535570968078993	0.386952584439009
2	105675000	105725000	0.053536951140868	0.387315295963914
2	166225000	166275000	0.0534496126043471	0.38477979574581
2	193025000	193075000	0.0532618146864117	0.387048390440918
2	190475000	190525000	0.0532097878037208	0.387815016233454
2	238475000	238525000	0.0532065613769869	0.383135338535133
2	121075000	121125000	0.0532019299223688	0.399922960465032
2	83425000	83475000	0.0529499958584239	0.395987942972869
2	195725000	195775000	0.0529441002789754	0.390549975844811
2	225975000	226025000	0.0529233994535442	0.386388314557503
2	239125000	239175000	0.0528843042382543	0.391616491765987
2	180225000	180275000	0.0528041490298644	0.38704546330683
2	40675000	40725000	0.0526282683048388	0.382839813298821
2	173875000	173925000	0.0526043026647961	0.380750562728678
2	194475000	194525000	0.0523800892721183	0.393504378272481
2	32025000	32075000	0.0521689241994053	0.394210582620917
2	137125000	137175000	0.0521415518898525	0.393849469236191
2	27275000	27325000	0.0519441962003243	0.381983286602611
2	130575000	130625000	0.0518593544335056	0.387188690809299
2	75125000	75175000	0.0517798030581959	0.376516614272141
2	174225000	174275000	0.0517434319104845	0.384602071325552
2	65275000	65325000	0.0516138682781455	0.382955376224789
2	146225000	146275000	0.0515484984930784	0.391379002635839
2	46825000	46875000	0.05147158884572	0.385177857765281
2	34275000	34325000	0.0514267093896466	0.398441295782431
2	25775000	25825000	0.0512533933830435	0.388191201451367
2	162075000	162125000	0.051181466596968	0.390765563531789
2	69925000	69975000	0.0509704973569429	0.383706666509177
2	46575000	46625000	0.0508553573971012	0.384850625719736
2	6875000	6925000	0.0506328105078492	0.39321900550084
2	58775000	58825000	0.0506187445731994	0.38099383952062
2	149225000	149275000	0.0505633870675095	0.386210680083723
2	230125000	230175000	0.0501690879570732	0.384949386615999
2	233675000	233725000	0.05013608014718	0.387847886902448
2	112975000	113025000	0.0500835750764387	0.350423921143394
2	55075000	55125000	0.0500065630727727	0.381050170424516
2	128225000	128275000	0.0499208480490337	0.391152852371274
2	228725000	228775000	0.0499012105706638	0.396183647463423
2	66625000	66675000	0.0498324624988462	0.386887748391755
2	120425000	120475000	0.049789789650229	0.39514123065212
2	68925000	68975000	0.0497189622159686	0.381368059923349
2	61375000	61425000	0.0496504565340463	0.385158639937943
2	99675000	99725000	0.0494702288119184	0.389186813055816
2	57725000	57775000	0.0493481760464749	0.402406357415257
2	18675000	18725000	0.0488782366761281	0.383928502574991
2	152425000	152475000	0.0488258635797217	0.389221022935454
2	223125000	223175000	0.0487764872564385	0.371225539817173
2	44575000	44625000	0.0486321323102568	0.388846296142273
2	66825000	66875000	0.0486257000019368	0.387996007383762
2	134825000	134875000	0.0485835326820165	0.391606488554933
2	139125000	139175000	0.0485322359066213	0.378829603130673
2	202475000	202525000	0.0485316215858607	0.380444124506574
2	159275000	159325000	0.0484810220329678	0.386995038594917
2	41575000	41625000	0.0483845299180743	0.373230587104107
2	168075000	168125000	0.048364428645095	0.392996959059723
2	11775000	11825000	0.0482987245756722	0.383460427742046
2	118775000	118825000	0.0482619562648918	0.393081279129184
2	44075000	44125000	0.048030622130408	0.383651778588166
2	39225000	39275000	0.0480180476495608	0.375523364272899
2	625000	675000	0.0479900118492351	0.388263686709892
2	136625000	136675000	0.047971549862964	0.389181866062465
2	74625000	74675000	0.0478884030338424	0.375477579644464
2	231475000	231525000	0.0478715850890693	0.384333943797724
2	176125000	176175000	0.0476426630652592	0.379479209090874
2	240825000	240875000	0.0476326530079186	0.385914196119169
2	83975000	84025000	0.0475667659770651	0.391416386979954
2	21225000	21275000	0.0475077227863142	0.386633387071954
2	238375000	238425000	0.0474723507813792	0.375485113066542
2	237225000	237275000	0.047306732246271	0.385855848122591
2	23575000	23625000	0.0471544521285555	0.388828433273225
2	200325000	200375000	0.0471448275210316	0.390205717964161
2	162425000	162475000	0.0470921724453965	0.384414082044457
2	60775000	60825000	0.0470730584892531	0.386612012836968
2	239375000	239425000	0.0470621089808514	0.387542095103705
2	191175000	191225000	0.0470249969587588	0.386760684982773
2	26075000	26125000	0.0470204281754205	0.380620204712103
2	172375000	172425000	0.0470184841424378	0.385798657111277
2	32975000	33025000	0.0470103715276964	0.381833731900464
2	103025000	103075000	0.0467486107333052	0.382032792418408
2	44675000	44725000	0.0467365430742764	0.387870608199435
2	215775000	215825000	0.0467221335012424	0.382942532178209
2	16775000	16825000	0.0467148860887759	0.377922145040022
2	197925000	197975000	0.0462715856186754	0.372675548457317
2	162275000	162325000	0.0460983669467931	0.384389785404037
2	144025000	144075000	0.0460045873151708	0.388427237578694
2	97425000	97475000	0.0459007454087842	0.377559335200413
2	67875000	67925000	0.0454804771241747	0.381242299302503
2	50975000	51025000	0.045476149390527	0.377337969176223
2	232775000	232825000	0.0454474740729837	0.385882358145354
2	18325000	18375000	0.0453838150035567	0.37867747977443
2	230775000	230825000	0.0451136097184504	0.383688892037361
2	219525000	219575000	0.0450778563899799	0.380341884848608
2	98375000	98425000	0.045037028780416	0.382084626606158
2	174725000	174775000	0.0448280156546113	0.378147128364034
2	108925000	108975000	0.0448154115172403	0.382246520200382
2	68525000	68575000	0.044813048961691	0.372947814933129
2	207925000	207975000	0.0447488085726377	0.379813114501433
2	84675000	84725000	0.0447353738302615	0.383129152117879
2	219725000	219775000	0.0446755384764475	0.378431208328317
2	169975000	170025000	0.0446659049846372	0.38111157208507
2	166575000	166625000	0.0445738922634429	0.378948538197305
2	171225000	171275000	0.0445387706607558	0.381000162176751
2	217975000	218025000	0.0445259137571238	0.386540554567994
2	14775000	14825000	0.0445211914688281	0.385595910828697
2	237075000	237125000	0.0444894148812658	0.382853623702465
2	105575000	105625000	0.0443229159068343	0.382038506987273
2	225825000	225875000	0.0443018621105279	0.375597139230194
2	32825000	32875000	0.0441602186116279	0.380370819247737
2	36975000	37025000	0.044152166069634	0.389975890590581
2	188425000	188475000	0.0441519452507003	0.379387199149588
2	105425000	105475000	0.044085583432212	0.387707043898739
2	160825000	160875000	0.0440796687445995	0.38535846962822
2	227975000	228025000	0.043926764356929	0.382220665599174
2	158125000	158175000	0.0439022085801603	0.397592961353161
2	26775000	26825000	0.04379822771286	0.378318885532366
2	180625000	180675000	0.043797458117666	0.380588843022577
2	238275000	238325000	0.0436561182147445	0.369752865626924
2	31375000	31425000	0.043527523456194	0.384787809558377
2	54725000	54775000	0.0435184768131216	0.380717674012407
2	178275000	178325000	0.0434498754021517	0.380446880940802
2	234325000	234375000	0.0432295291904544	0.377991842206177
2	184075000	184125000	0.0430475492307655	0.389677323575492
2	167025000	167075000	0.0429826947444724	0.380948596741803
2	220025000	220075000	0.0429787837016808	0.374805387517453
2	102025000	102075000	0.0427851239893106	0.377154109946461
2	67425000	67475000	0.0427007294984413	0.383918453100179
2	219825000	219875000	0.042670476113564	0.375197677850974
2	170625000	170675000	0.042352335561594	0.376462235808688
2	101025000	101075000	0.0422243673380179	0.374509259343649
2	186575000	186625000	0.0421715172630824	0.388270579912083
2	224525000	224575000	0.0418277969005174	0.379655775886908
2	130025000	130075000	0.0414597487847504	0.384967460633908
2	220375000	220425000	0.0413920497539438	0.376552647894997
2	26675000	26725000	0.0413786341212345	0.37542840156826
2	120925000	120975000	0.0413396581205379	0.393829481965159
2	193175000	193225000	0.0412323555093743	0.378221180806284
2	151475000	151525000	0.0408915391576574	0.382156296321827
2	70275000	70325000	0.0408368600330656	0.363781477458595
2	154025000	154075000	0.040502729380986	0.373529956040551
2	18925000	18975000	0.0403055000917902	0.376924427968158
2	17625000	17675000	0.0402916363891257	0.374391093077578
2	102825000	102875000	0.0401279145316735	0.37425268229122
2	218325000	218375000	0.0401203799810643	0.379012720196965
2	4825000	4875000	0.0400578929547548	0.380950375470632
2	69725000	69775000	0.0399687284605666	0.375640727318784
2	239675000	239725000	0.0399137442441573	0.381363839752569
2	236475000	236525000	0.0398311952864041	0.381535769343793
2	233275000	233325000	0.0397484725471444	0.37760826127337
2	148075000	148125000	0.0397376102655776	0.381237352271172
2	206975000	207025000	0.0396763687299373	0.380242889909976
2	138825000	138875000	0.0395099812515572	0.369252882570245
2	147775000	147825000	0.0393010191801892	0.379394384366626
2	98775000	98825000	0.0392987857387269	0.376565654854799
2	15275000	15325000	0.0391671982081633	0.382024319695542
2	182275000	182325000	0.0391556662623123	0.372937435284966
2	275000	325000	0.0391431117546731	0.396814415576688
2	58975000	59025000	0.0391152466667095	0.374093911185602
2	49125000	49175000	0.0390585065729617	0.384461969394531
2	25175000	25225000	0.0390253384633654	0.373193968733792
2	178175000	178225000	0.0390196914429383	0.373788765503038
2	190575000	190625000	0.0388004585986716	0.377691943595353
2	57825000	57875000	0.0387903062493072	0.393896896357489
2	232425000	232475000	0.0387552977535733	0.376448158048128
2	205175000	205225000	0.0386954855056629	0.380058583268288
2	120025000	120075000	0.0385870700693559	0.384240272214722
2	195375000	195425000	0.0383977002772987	0.376543520758857
2	136725000	136775000	0.0382962045734376	0.379671832896046
2	29775000	29825000	0.0382257310296204	0.362149635451951
2	164925000	164975000	0.0381779282367835	0.382418105555121
2	102575000	102625000	0.0380305788548714	0.372328390728347
2	118925000	118975000	0.0378799451667174	0.381039108085932
2	130175000	130225000	0.0378654628503571	0.381422841991146
2	42675000	42725000	0.0378614065660087	0.370979726316289
2	28375000	28425000	0.0377531949815477	0.357859310338614
2	99425000	99475000	0.0376822008216576	0.373308663895744
2	100425000	100475000	0.0376350111891653	0.376483228215327
2	213525000	213575000	0.037498446824886	0.374029969388158
2	24275000	24325000	0.0374749066874524	0.375994953426058
2	106325000	106375000	0.0374339450205928	0.360203165666134
2	36875000	36925000	0.0372269953567113	0.380534627342227
2	128425000	128475000	0.0371456120050157	0.384946207572633
2	41425000	41475000	0.0371203058035955	0.362860610957619
2	135925000	135975000	0.0370234535506884	0.377076584888442
2	31675000	31725000	0.0370152606854717	0.378636180165807
2	206125000	206175000	0.0369805700878152	0.378445684766314
2	207625000	207675000	0.0369533378552522	0.384817608315995
2	106825000	106875000	0.0369330146799131	0.364320964864402
2	72775000	72825000	0.03686006185893	0.369900874138251
2	211875000	211925000	0.0368554593212573	0.384811192899306
2	124725000	124775000	0.0367711082277836	0.385586775573997
2	33475000	33525000	0.0365207331906182	0.369647390656764
2	1125000	1175000	0.0364744542888508	0.368416946696692
2	214625000	214675000	0.0363292778774036	0.379462543034991
2	161925000	161975000	0.0362602698863962	0.3768138756794
2	211475000	211525000	0.0361905949175835	0.375577903564545
2	28175000	28225000	0.0361903834928163	0.357638486551977
2	200475000	200525000	0.0361631873118339	0.37564616168934
2	128025000	128075000	0.0361589770900509	0.376761093255256
2	15025000	15075000	0.0360523543873578	0.376610495571494
2	190925000	190975000	0.0359498784070307	0.380515760247646
2	37275000	37325000	0.035832082490447	0.382328802843099
2	240325000	240375000	0.0357975072734142	0.379063812877035
2	150625000	150675000	0.0357738597026089	0.377316365484997
2	33625000	33675000	0.035772415643249	0.371902979802826
2	43175000	43225000	0.0357598190768366	0.365477408640764
2	134275000	134325000	0.0357449354037727	0.37774278375979
2	80175000	80225000	0.0357418974601082	0.390279507209319
2	149375000	149425000	0.0357323732086323	0.372579603047896
2	205575000	205625000	0.0356948009775626	0.37797017355518
2	183975000	184025000	0.0356229314396898	0.38123619973983
2	235025000	235075000	0.0355887262835361	0.369861544852822
2	208475000	208525000	0.0355131544403271	0.364689939556653
2	133275000	133325000	0.0354900451099368	0.372461708516753
2	201525000	201575000	0.0354286548154064	0.366615156297222
2	193575000	193625000	0.0353978417675109	0.377773401560457
2	47375000	47425000	0.0353940241634412	0.360356676894146
2	202225000	202275000	0.0353718299996371	0.370032228266183
2	161175000	161225000	0.0353268461289287	0.379085811503389
2	67675000	67725000	0.0352444903325011	0.37419946993843
2	237425000	237475000	0.0351923565863508	0.373988015202831
2	12575000	12625000	0.0350090633763628	0.372304872638965
2	157725000	157775000	0.0349930676390756	0.381601286390171
2	106475000	106525000	0.0349498747296297	0.359104714236855
2	32375000	32425000	0.0349324589649584	0.375304780391091
2	120125000	120175000	0.0347570334933395	0.383166637050983
2	19825000	19875000	0.0347116001790513	0.369875320073632
2	76425000	76475000	0.0346707009874206	0.380603950431957
2	137625000	137675000	0.034653383035994	0.376365462326126
2	71975000	72025000	0.0346463938689059	0.369463288017688
2	129075000	129125000	0.0345313220498278	0.386811343118643
2	23375000	23425000	0.0345131155549195	0.379478692036758
2	36725000	36775000	0.0344408979874099	0.37397439116978
2	55225000	55275000	0.034396664355011	0.362212999908875
2	224275000	224325000	0.0343717114556355	0.3741780517316
2	195025000	195075000	0.0341488929462594	0.372834658343541
2	181425000	181475000	0.0341319765800652	0.373252864011401
2	925000	975000	0.0341061271127	0.369381092501668
2	68025000	68075000	0.0338972522124473	0.367264206320075
2	99925000	99975000	0.0337994565255126	0.376348711902621
2	226725000	226775000	0.0337958648724564	0.377014869922559
2	141625000	141675000	0.0336256059740072	0.384519797629399
2	17475000	17525000	0.0335547669746695	0.376344168054209
2	19025000	19075000	0.0333369992460761	0.370667111083068
2	5475000	5525000	0.0333191151991631	0.376867755636883
2	156875000	156925000	0.0332742422906978	0.376039151168755
2	12275000	12325000	0.033042558474183	0.374804343038074
2	123225000	123275000	0.0329626418044914	0.379256538359288
2	128575000	128625000	0.0329383667430809	0.385665405744731
2	109725000	109775000	0.0328842980758037	0.367898763218695
2	2475000	2525000	0.032839512772349	0.368604091492422
2	2175000	2225000	0.0325718243605047	0.363466507951705
2	63275000	63325000	0.0325703978569269	0.376640049809499
2	172625000	172675000	0.0323792190664854	0.371137511908171
2	174575000	174625000	0.032179688980425	0.367666182754506
2	35625000	35675000	0.0321043925256478	0.380956786909365
2	158575000	158625000	0.0320206911333848	0.373282774390824
2	5375000	5425000	0.0319926376606838	0.370607738474915
2	191975000	192025000	0.0319632601425088	0.378564753455472
2	183875000	183925000	0.0319518094775935	0.376548571733147
2	13625000	13675000	0.031919682468769	0.376953565295605
2	191625000	191675000	0.0318239142377724	0.382712240920199
2	16075000	16125000	0.0316481131048748	0.373545907230042
2	51325000	51375000	0.0315617119379855	0.36860373243634
2	38275000	38325000	0.0315208403003185	0.354804774156832
2	109175000	109225000	0.0314937222402525	0.365534904329726
2	191525000	191575000	0.0314192624876226	0.374316172932542
2	51525000	51575000	0.0312874603367413	0.371289595528043
2	168775000	168825000	0.0312366594696986	0.379718898335377
2	50325000	50375000	0.0311883471601063	0.369564401519943
2	228475000	228525000	0.0311097693457722	0.374429903866589
2	32575000	32625000	0.0311094687152241	0.369632136456902
2	67525000	67575000	0.0310101135373296	0.371495609819613
2	119275000	119325000	0.0309988582748668	0.370284314655567
2	26575000	26625000	0.0309024082374694	0.364481285312014
2	31525000	31575000	0.0308519948801045	0.372292597671363
2	160225000	160275000	0.0308382168559063	0.364730033616073
2	234025000	234075000	0.0306626139241385	0.367161327240123
2	194075000	194125000	0.0306140451135866	0.375535491488666
2	164375000	164425000	0.0302262562595543	0.367936509268572
2	71425000	71475000	0.0301598976510741	0.362337709363482
2	207825000	207875000	0.03012904113063	0.369460001903408
2	164175000	164225000	0.0301268064685472	0.361661662231916
2	212025000	212075000	0.0300628764210286	0.380143662989876
2	160325000	160375000	0.0300620579101598	0.364813512649077
2	122675000	122725000	0.0300169946359349	0.370945661614517
2	154675000	154725000	0.0299235442596117	0.366526286440705
2	219375000	219425000	0.0298960673258368	0.365579931522915
2	114825000	114875000	0.0298241135214825	0.373036518490643
2	209625000	209675000	0.0298175182418087	0.371356670871998
2	207125000	207175000	0.0297814746360431	0.376180778261326
2	30675000	30725000	0.0297358007356694	0.363503849695783
2	137825000	137875000	0.0297356470725649	0.371449391140214
2	148975000	149025000	0.0296655956722791	0.36331299398341
2	202875000	202925000	0.0296542543844407	0.358840300354595
2	2375000	2425000	0.0296376050209298	0.363778885364712
2	212575000	212625000	0.0292771522800271	0.378960255955727
2	139275000	139325000	0.029231790373534	0.359806390550267
2	39725000	39775000	0.0291113118985877	0.354858973801923
2	177675000	177725000	0.0290285268664764	0.363403437707468
2	184925000	184975000	0.0290077096007276	0.372197131740409
2	215675000	215725000	0.0290034404308872	0.36867600705716
2	27125000	27175000	0.0288098615765021	0.360706123649927
2	220925000	220975000	0.0286045026555985	0.376809133302829
2	54175000	54225000	0.028602145154667	0.366671002096545
2	49875000	49925000	0.0284983524393267	0.374735295333629
2	229925000	229975000	0.0284754523887383	0.365517481595309
2	2575000	2625000	0.028458254155259	0.365846131251623
2	31075000	31125000	0.0283170519918283	0.367402861281392
2	164725000	164775000	0.028245463110703	0.373278521927535
2	133425000	133475000	0.0282251145478236	0.364862121948555
2	138225000	138275000	0.0282097290931603	0.378249122706677
2	58475000	58525000	0.0281948738091698	0.366088366975719
2	36125000	36175000	0.0281026191315051	0.371250308954918
2	191375000	191425000	0.0280370049933703	0.363908537964103
2	146675000	146725000	0.0279767596166881	0.365105926969969
2	234625000	234675000	0.0279052986382561	0.361643632604552
2	3025000	3075000	0.0278549546503807	0.366054879946794
2	73275000	73325000	0.0278239228902609	0.356084266577822
2	14375000	14425000	0.0277454936764462	0.376404078467025
2	2825000	2875000	0.0276164097925143	0.366898267998519
2	52975000	53025000	0.0276008569258204	0.3733137541978
2	187075000	187125000	0.0275531964766825	0.37071599001416
2	25575000	25625000	0.0274328518116237	0.365067434506415
2	198525000	198575000	0.0274313591105452	0.365942380867338
2	188875000	188925000	0.027430617718988	0.364807443967194
2	19925000	19975000	0.0273802025024902	0.360401069142336
2	154575000	154625000	0.0272593745780661	0.362764830834561
2	145625000	145675000	0.0272580418112099	0.374500135177209
2	102275000	102325000	0.0272520616798234	0.364677687227587
2	139875000	139925000	0.0270484895163894	0.362972410448308
2	41225000	41275000	0.0270288618844663	0.353961497662479
2	233925000	233975000	0.0268746286473795	0.363952142063451
2	129475000	129525000	0.0268139886708328	0.382708558749842
2	49775000	49825000	0.0268016869781268	0.3747854939912
2	233525000	233575000	0.0267372555237172	0.364504555518094
2	163475000	163525000	0.0267064962164431	0.352476422962411
2	163375000	163425000	0.0266882979375876	0.353898800729979
2	58375000	58425000	0.0266200440920717	0.36701966999833
2	66175000	66225000	0.0265394679364418	0.361115538437633
2	180775000	180825000	0.0265333280414664	0.364280989431857
2	153175000	153225000	0.0265284146392307	0.359320591800285
2	186025000	186075000	0.0264599537108213	0.374373423495649
2	159475000	159525000	0.0264098616824285	0.361992695801911
2	24125000	24175000	0.0263055225722739	0.365116804511569
2	24425000	24475000	0.0262676577649822	0.36547547119536
2	78775000	78825000	0.0262639875460647	0.373168580717801
2	59525000	59575000	0.0262004651242351	0.37803527129939
2	219225000	219275000	0.0261909060811937	0.362294606016722
2	63425000	63475000	0.025805929333102	0.367865434025567
2	137525000	137575000	0.0257822242209155	0.367493471122289
2	119075000	119125000	0.0257800221819747	0.367279025156112
2	226125000	226175000	0.0257767178961639	0.361411270984415
2	21375000	21425000	0.0257550578335756	0.371855009224319
2	199525000	199575000	0.0257030428633296	0.368629576940624
2	149525000	149575000	0.0257029474987084	0.363750114161022
2	231025000	231075000	0.0256865330669158	0.368400657163664
2	154175000	154225000	0.0256478318050954	0.357653355110286
2	147075000	147125000	0.025641748537104	0.363625768403112
2	72575000	72625000	0.025627749687688	0.360580749403713
2	37875000	37925000	0.025572447528134	0.359664595995023
2	144275000	144325000	0.0255504916021592	0.375383844623353
2	84225000	84275000	0.0255108433917106	0.362904981967476
2	140475000	140525000	0.0254919180150224	0.376318866179996
2	3175000	3225000	0.0254870690068821	0.362875544621101
2	164475000	164525000	0.0254361008783219	0.366234052510164
2	182775000	182825000	0.0252502585591498	0.355978437224939
2	161325000	161375000	0.0252184622769965	0.368623738059321
2	4025000	4075000	0.0251760856014209	0.37181287173314
2	72125000	72175000	0.0251394105506737	0.362926665029944
2	184225000	184275000	0.0248742189806833	0.37302875239229
2	53175000	53225000	0.0248373317742936	0.370010328307401
2	52625000	52675000	0.0248229299267317	0.371480653491739
2	77875000	77925000	0.024792396738109	0.3762252643361
2	147675000	147725000	0.0247815634177316	0.364354538764409
2	76775000	76825000	0.0245376883956123	0.37599287771936
2	44925000	44975000	0.0245341036719183	0.367048214049159
2	77175000	77225000	0.0244503721069769	0.375897444439541
2	154825000	154875000	0.0243301026018852	0.362578773669877
2	199875000	199925000	0.0242030517675398	0.374003048362603
2	145275000	145325000	0.0241486655537576	0.372296786836311
2	179825000	179875000	0.0240740909967131	0.357145373025403
2	16375000	16425000	0.0240732913596114	0.362039824524144
2	177275000	177325000	0.0239499273690548	0.358964662672418
2	77975000	78025000	0.0239472863489433	0.376355038502562
2	51875000	51925000	0.0237473068554949	0.368929642759455
2	66275000	66325000	0.0237307599833597	0.358857767238266
2	189125000	189175000	0.02367524089728	0.361856868436967
2	223975000	224025000	0.023638304115892	0.350552411149532
2	215275000	215325000	0.0235812008556005	0.373301754258316
2	139775000	139825000	0.0235557328106204	0.356467905811112
2	13525000	13575000	0.023507825866202	0.37116174588709
2	8325000	8375000	0.0233663062095461	0.366469462298714
2	213075000	213125000	0.0233200710177811	0.363015594559362
2	145925000	145975000	0.0232021377699622	0.369717594260773
2	221875000	221925000	0.0231937645209441	0.364795496103087
2	201175000	201225000	0.0230857940456143	0.355260942030833
2	4525000	4575000	0.0230834022854726	0.369384075795201
2	126325000	126375000	0.0230388228649291	0.374519274601123
2	56975000	57025000	0.0229915533182828	0.374691546039274
2	222075000	222125000	0.022943164386435	0.361480467325152
2	189225000	189275000	0.0229033831092912	0.358903807977636
2	152625000	152675000	0.0228238975725286	0.363239732256479
2	29875000	29925000	0.0228087813378742	0.347531921791698
2	212975000	213025000	0.0226927893686102	0.366892641745684
2	66925000	66975000	0.0226555181854732	0.3637899103025
2	185475000	185525000	0.0226338677108582	0.37193369117156
2	184625000	184675000	0.0225911391345733	0.367827486664696
2	120225000	120275000	0.0225558532992152	0.37145638491062
2	230275000	230325000	0.0225317089486743	0.355615709696867
2	167775000	167825000	0.0224032165893411	0.364470068119703
2	185225000	185275000	0.0222924167911163	0.368814785105899
2	78925000	78975000	0.0222431450373901	0.368600467391898
2	60325000	60375000	0.0221816100574953	0.370281388616956
2	227275000	227325000	0.0221485784421362	0.364725233557349
2	123525000	123575000	0.0219741785413591	0.370442322164663
2	151875000	151925000	0.0219636746956773	0.362659033282982
2	158725000	158775000	0.0218979829640633	0.355808782380202
2	122875000	122925000	0.021840338893495	0.368112891132281
2	173125000	173175000	0.021834496224151	0.348108632954476
2	227175000	227225000	0.0217865484767885	0.364975025573853
2	59175000	59225000	0.0217502231585263	0.364537735599188
2	146875000	146925000	0.0216804212367969	0.359237014846441
2	159025000	159075000	0.0216229858282191	0.36199184203431
2	167525000	167575000	0.0214758777241313	0.362175746076816
2	22525000	22575000	0.0214469107663192	0.374207956830715
2	171975000	172025000	0.0213950833258409	0.36156208185482
2	215525000	215575000	0.0213910720090864	0.366241890559318
2	138125000	138175000	0.0213397930143036	0.368049426242729
2	13925000	13975000	0.0213193122782674	0.366678148240341
2	124875000	124925000	0.0212734950949157	0.370654563844457
2	133575000	133625000	0.0211689389028253	0.357471290297472
2	189575000	189625000	0.0210878668108275	0.349454082329478
2	19125000	19175000	0.0210834585463823	0.359124754343998
2	184525000	184575000	0.0209998293901423	0.368711775905594
2	100675000	100725000	0.0209723089572127	0.358778763095903
2	228625000	228675000	0.0209451266076974	0.36604264255168
2	124425000	124475000	0.0209117866485488	0.368596651188106
2	153775000	153825000	0.0209032027013404	0.354260965821603
2	108125000	108175000	0.0208325377308337	0.369958919782062
2	214375000	214425000	0.0208201197040419	0.360318387632603
2	154925000	154975000	0.0207561353836618	0.360102092376252
2	58125000	58175000	0.0206733035605026	0.373357651571078
2	194225000	194275000	0.020663074113659	0.364160586473219
2	142625000	142675000	0.020589522236783	0.368742633168097
2	151775000	151825000	0.0204523078660027	0.361275586734551
2	23775000	23825000	0.0203845319338761	0.361017531549319
2	127925000	127975000	0.0203183353466919	0.36357485897755
2	4725000	4775000	0.0203007184931188	0.36299593134028
2	16175000	16225000	0.0202624173202739	0.360925670771851
2	4625000	4675000	0.0202017323503243	0.364699675528769
2	46475000	46525000	0.020178014107249	0.354288882191113
2	143225000	143275000	0.0199975207332741	0.357692266150738
2	193875000	193925000	0.0199381852307437	0.364935126968049
2	235175000	235225000	0.0198439576212737	0.354317207916681
2	156575000	156625000	0.0197532615681957	0.365611576122457
2	204475000	204525000	0.0196282002035577	0.347422686955149
2	51975000	52025000	0.0196259668582245	0.366288360108658
2	179125000	179175000	0.0196040068585663	0.346170961181075
2	150975000	151025000	0.0195878335498365	0.36106939771193
2	190825000	190875000	0.0195207933250053	0.366018752692261
2	58225000	58275000	0.0194857081246885	0.365650996558859
2	128925000	128975000	0.0194708797062134	0.3740538127894
2	140125000	140175000	0.0194606194203605	0.362913910180844
2	208175000	208225000	0.0194501030074271	0.346359069087614
2	185075000	185125000	0.0193538103690891	0.364209705596321
2	48525000	48575000	0.0192653683904048	0.35307676983547
2	125775000	125825000	0.0192049024401265	0.367465087300891
2	227025000	227075000	0.0191848567440927	0.363291066813936
2	215125000	215175000	0.0191842020178636	0.368441979813368
2	124625000	124675000	0.0191330595269567	0.367571792604285
2	228875000	228925000	0.0191109242221677	0.367170742538093
2	83575000	83625000	0.0190892128450888	0.36629080567476
2	134375000	134425000	0.019086481703416	0.365699376048554
2	62425000	62475000	0.0190403708285934	0.348115636243067
2	126425000	126475000	0.0190020805796411	0.372486132321707
2	78625000	78675000	0.0189968097705727	0.369308969160021
2	83075000	83125000	0.0189890814366067	0.360318168213697
2	140025000	140075000	0.018986225926083	0.359427768755141
2	82875000	82925000	0.0189175259718106	0.365370169126165
2	82525000	82575000	0.0188953559046634	0.371775711901325
2	75475000	75525000	0.0188270656598796	0.344648290683571
2	82125000	82175000	0.0187681977283328	0.371741623207908
2	52225000	52275000	0.0187440783613099	0.366481603404063
2	53625000	53675000	0.0187394993501098	0.361143141845389
2	150825000	150875000	0.0187113326108008	0.360219014610164
2	119775000	119825000	0.0186618968152584	0.358487908275421
2	132425000	132475000	0.0185464721259375	0.348727290919626
2	15875000	15925000	0.0184200763684064	0.362345493585841
2	181525000	181575000	0.0183770372448951	0.357027186841431
2	213725000	213775000	0.0183527965061326	0.358143745177036
2	103775000	103825000	0.0182736049519444	0.370638975439518
2	124075000	124125000	0.0182640563994244	0.367509143538801
2	136275000	136325000	0.0182219599637388	0.358853683732367
2	140825000	140875000	0.0181682852521907	0.3684502399329
2	140225000	140275000	0.0181572373355485	0.364622276027459
2	35825000	35875000	0.0181279388793965	0.364953802208694
2	67225000	67275000	0.0181106755648153	0.360792853805462
2	146025000	146075000	0.0180577244460375	0.362344863487498
2	144375000	144425000	0.0179675882041848	0.370765222328447
2	167625000	167675000	0.0179065726699042	0.35915323429366
2	105025000	105075000	0.0178781345312554	0.368900771937574
2	78525000	78575000	0.0178663937611554	0.370450263962411
2	51725000	51775000	0.0178279611233838	0.360790211007633
2	35325000	35375000	0.017820446320488	0.369074260361582
2	77475000	77525000	0.0178183297846859	0.369259314373861
2	188125000	188175000	0.0178153848051326	0.362768249116669
2	34775000	34825000	0.0177904988927866	0.369154127088838
2	213625000	213675000	0.0177844675971277	0.356653852837471
2	147225000	147275000	0.0177710939933272	0.356075683551608
2	198975000	199025000	0.0177642685389524	0.359585364042307
2	115825000	115875000	0.0177629387330725	0.373859192114888
2	8125000	8175000	0.0177021788709008	0.363938649380235
2	59275000	59325000	0.0176484797954483	0.364340416196994
2	125425000	125475000	0.0176434422592318	0.366690560256312
2	57225000	57275000	0.0176389586696212	0.368624607865067
2	167925000	167975000	0.0174804267510357	0.360367468188004
2	185325000	185375000	0.0174781921855968	0.365111542558747
2	237675000	237725000	0.0174123387866735	0.353527842536657
2	6425000	6475000	0.0173212250986371	0.370334274913219
2	125000	175000	0.0173185846406987	0.389055044442946
2	125975000	126025000	0.0172725894800099	0.36508309826288
2	63525000	63575000	0.0172543265955493	0.355213001087225
2	128775000	128825000	0.0172081662084823	0.374094011306041
2	207525000	207575000	0.0171789561360304	0.366776743545714
2	84825000	84875000	0.0170715773478464	0.355798568872749
2	23175000	23225000	0.0170694716641069	0.367577257291057
2	52425000	52475000	0.0169920165300024	0.364189640833882
2	192825000	192875000	0.0169888672296705	0.346505776927637
2	231275000	231325000	0.0169769479412281	0.357957764992299
2	125075000	125125000	0.0169583555465234	0.366792406679919
2	199725000	199775000	0.0168404480213105	0.363694674965901
2	56725000	56775000	0.0166701839053923	0.362421908456449
2	117075000	117125000	0.0166188924508882	0.372063850904937
2	235825000	235875000	0.0164389749379216	0.354775680515271
2	115975000	116025000	0.016376074670861	0.372346263768391
2	98575000	98625000	0.0163337555506677	0.354420101425389
2	76175000	76225000	0.0163284058559477	0.355355425611853
2	141925000	141975000	0.0163107870845448	0.370453714202283
2	125275000	125325000	0.0163087021958657	0.365693077251367
2	156025000	156075000	0.0162634792693089	0.368989401215134
2	14025000	14075000	0.0162384081439435	0.364433916723561
2	218725000	218775000	0.0160643104523082	0.340515784287222
2	232975000	233025000	0.0160608706418276	0.354031645846272
2	236375000	236425000	0.0160273844059686	0.358515352305871
2	210275000	210325000	0.0159994633565411	0.351115823933756
2	196325000	196375000	0.0159709993831927	0.351490052590938
2	22925000	22975000	0.0159282724258757	0.367994065704171
2	104175000	104225000	0.0158800790043918	0.367986454688566
2	168275000	168325000	0.0158383074752769	0.363415022574152
2	134975000	135025000	0.0158060115622474	0.357174876430061
2	217875000	217925000	0.0157657998253994	0.355048352239253
2	120575000	120625000	0.0156498138582212	0.360774689447947
2	205725000	205775000	0.0154850300832987	0.361263798578412
2	123875000	123925000	0.0154733165138904	0.367803858503388
2	171525000	171575000	0.0153908726994112	0.35325512059538
2	141125000	141175000	0.0153599623170321	0.365174779725515
2	214825000	214875000	0.0153555540139939	0.361396816954802
2	239475000	239525000	0.0153319420165965	0.356511047577499
2	141275000	141325000	0.0152946931454063	0.364875941917776
2	144925000	144975000	0.0152835158195357	0.368722667140732
2	77775000	77825000	0.0152114346900787	0.366646331535866
2	115325000	115375000	0.0152020621081978	0.368930964883439
2	172775000	172825000	0.0150512048637546	0.354134323968322
2	145075000	145125000	0.0150390428557491	0.366397442125925
2	7975000	8025000	0.0150302119410352	0.363616668265494
2	229125000	229175000	0.0149727934865096	0.361973926106671
2	5875000	5925000	0.014943509509468	0.370211119074082
2	21625000	21675000	0.0149331131140916	0.367328886774655
2	76675000	76725000	0.0148743263395391	0.366331544911083
2	17275000	17325000	0.0148711577999922	0.364640722520332
2	83825000	83875000	0.0148216581429362	0.365348903731138
2	205975000	206025000	0.0146232449888509	0.360778589507816
2	168375000	168425000	0.0143830936972253	0.363431901138224
2	155425000	155475000	0.0143461874308463	0.367427971902977
2	35925000	35975000	0.0143178226157353	0.359917628109738
2	229225000	229275000	0.0142439337634093	0.359749328620543
2	117675000	117725000	0.0141676522374666	0.36933810300515
2	52325000	52375000	0.0141590324587175	0.361626607132034
2	212275000	212325000	0.0141054370340774	0.36655804375053
2	135475000	135525000	0.0140545209088219	0.353626129392557
2	123375000	123425000	0.0139844883087957	0.360287532427597
2	185675000	185725000	0.0139265049929493	0.36378234701552
2	239575000	239625000	0.013816371736003	0.355318847092091
2	79125000	79175000	0.013805435390611	0.367060517723441
2	104775000	104825000	0.0136977057038786	0.365415589182953
2	115425000	115475000	0.0136851006856192	0.368444986559681
2	145475000	145525000	0.0136835679195366	0.359799400854914
2	186425000	186475000	0.0135769805070748	0.359580069329638
2	213825000	213875000	0.0135451533378247	0.352841366192776
2	235675000	235725000	0.0133281915431129	0.349667514713091
2	212725000	212775000	0.0132956785006445	0.361594030655967
2	52525000	52575000	0.0132522230440419	0.360179896978486
2	19275000	19325000	0.013137445443088	0.351661076725301
2	83175000	83225000	0.0131324926177893	0.351899801206248
2	227475000	227525000	0.0129159391131597	0.354268950264667
2	7675000	7725000	0.0128924242297937	0.361642638459515
2	150125000	150175000	0.0128613009201909	0.354490866160142
2	6025000	6075000	0.0128026391734445	0.367455368806232
2	221325000	221375000	0.0127116287199091	0.358926541093125
2	126725000	126775000	0.0126981564837952	0.370299377443551
2	107925000	107975000	0.0126080055625379	0.363761720533952
2	161475000	161525000	0.0125759329194229	0.355627519109611
2	99525000	99575000	0.012535471874519	0.34979798341653
2	124275000	124325000	0.0125193493659741	0.359638812502204
2	129675000	129725000	0.0125020636733535	0.362483106420277
2	54525000	54575000	0.0124126020743666	0.348415984280787
2	81125000	81175000	0.0123968526783769	0.370935326733842
2	59625000	59675000	0.0123407200135046	0.365001156730476
2	83675000	83725000	0.0123099513727531	0.362287308012575
2	32225000	32275000	0.0122653856028684	0.354024947292342
2	190725000	190775000	0.0122562449542494	0.357577114801352
2	186825000	186875000	0.0121552498797638	0.358414268906159
2	107825000	107875000	0.0121244169369525	0.365287599416635
2	118225000	118275000	0.0120422884524928	0.364809534237269
2	138025000	138075000	0.0120153089404989	0.355395181783832
2	156475000	156525000	0.0120133517180459	0.358902801497709
2	79575000	79625000	0.011978490429434	0.372561003328451
2	82725000	82775000	0.0118879057437077	0.362183216181009
2	207425000	207475000	0.0118610883962132	0.360659254859797
2	123725000	123775000	0.0118327602833318	0.364625004539639
2	181675000	181725000	0.0117498673877428	0.349693910232078
2	127425000	127475000	0.0116374597375672	0.366307037864345
2	80775000	80825000	0.0115522152531465	0.367283275729656
2	5675000	5725000	0.0115372303227622	0.364952950007459
2	44425000	44475000	0.0115331931843018	0.350368317463035
2	185825000	185875000	0.0115237616839435	0.360547158461767
2	22125000	22175000	0.0114328841020077	0.365239525008469
2	117875000	117925000	0.0114134216268589	0.365936978550149
2	148325000	148375000	0.0113509724945819	0.353764707349272
2	127525000	127575000	0.0112538396935559	0.36450833224291
2	59875000	59925000	0.0112377118581413	0.36526326589073
2	117525000	117575000	0.0111871473028102	0.366842768453787
2	14125000	14175000	0.0111616853088048	0.362193866505967
2	107525000	107575000	0.0111513620818877	0.362799694692086
2	123075000	123125000	0.0111142127317945	0.357398961722587
2	34575000	34625000	0.0109976098229424	0.360820649445094
2	126825000	126875000	0.0109791243422019	0.369321524774545
2	34925000	34975000	0.010971522856821	0.362744236930521
2	221225000	221275000	0.0109245941371631	0.357400388172643
2	212825000	212875000	0.0109225687584243	0.358297753233496
2	14225000	14275000	0.0109177433990627	0.362420277726158
2	5775000	5825000	0.0109066101050322	0.366584139624198
2	143075000	143125000	0.0108489911369194	0.35223431946199
2	116325000	116375000	0.0108071265849454	0.368755194574343
2	188025000	188075000	0.0107639494403059	0.355782883703292
2	181225000	181275000	0.0107237868411223	0.350786149942059
2	158325000	158375000	0.0107216732185319	0.367953693002485
2	120725000	120775000	0.0105213724961545	0.360290187763655
2	116775000	116825000	0.010506531441773	0.367004965391896
2	81425000	81475000	0.0104956293055957	0.369634099414466
2	114925000	114975000	0.0104786385329901	0.361921515586998
2	81675000	81725000	0.0104403523264215	0.366903840602229
2	12075000	12125000	0.010439479732808	0.353172384940464
2	155675000	155725000	0.0104255526394805	0.365723965430607
2	198875000	198925000	0.0104243381763601	0.353513492849774
2	80475000	80525000	0.0103802386539825	0.364911364055977
2	108025000	108075000	0.0103565928702196	0.360496641381541
2	45375000	45425000	0.0103195665794005	0.348695860948806
2	79675000	79725000	0.010315493276365	0.368885199907852
2	35025000	35075000	0.010189178887774	0.362234616879907
2	119925000	119975000	0.0100348648664786	0.352931665599568
2	70675000	70725000	0.00991801428877215	0.339622382511862
2	200975000	201025000	0.00985128170889704	0.343382760721994
2	79275000	79325000	0.00981623443918606	0.368244636755757
2	158425000	158475000	0.00979886690853093	0.363702390125409
2	104525000	104575000	0.00965524391284051	0.36153499914404
2	168525000	168575000	0.00952499381146327	0.360781939765648
2	104375000	104425000	0.00929302322021841	0.361269901502693
2	46975000	47025000	0.00912801577901345	0.341760016445386
2	115125000	115175000	0.00912641354636046	0.36116093145877
2	104675000	104725000	0.00909555816256885	0.360878190342493
2	78175000	78225000	0.00902896982475676	0.365340318696481
2	57475000	57525000	0.00897782655274515	0.359249132222646
2	14525000	14575000	0.00897350108963602	0.354788136343699
2	117975000	118025000	0.00896726829240058	0.363167378293495
2	35125000	35175000	0.00888371177461067	0.361201873685176
2	107725000	107775000	0.00887734734257373	0.365045798378699
2	142275000	142325000	0.00883112883375498	0.361829629530813
2	78375000	78425000	0.00879597626678297	0.364787412685751
2	127175000	127225000	0.00875175429679581	0.36602415670864
2	142425000	142475000	0.00870030714482306	0.359622212227991
2	35225000	35275000	0.00861031596972983	0.360664603229949
2	45975000	46025000	0.00858540429093485	0.342025030988165
2	76525000	76575000	0.00856619341835202	0.357261934738341
2	49375000	49425000	0.00848417197082157	0.356487954977221
2	24825000	24875000	0.00846217617437467	0.349504034116144
2	120825000	120875000	0.00845323584966856	0.361318010902351
2	116675000	116725000	0.0084448509869251	0.366182953512137
2	21975000	22025000	0.00843791968656654	0.362636658658802
2	80575000	80625000	0.00824939673808428	0.362778360691007
2	80975000	81025000	0.00821257556583088	0.365547872373172
2	220725000	220775000	0.00814094876104354	0.355554233129826
2	81575000	81625000	0.00804824144087474	0.366227676901388
2	81325000	81375000	0.00798885512451625	0.367228386289392
2	79375000	79425000	0.00795800152279147	0.369835283828523
2	138325000	138375000	0.00794656341737693	0.361315717415985
2	115625000	115675000	0.00790472756848443	0.364169066662681
2	22775000	22825000	0.00786538101450113	0.360060515816598
2	129325000	129375000	0.00784467181628684	0.361861162031731
2	204975000	205025000	0.00784242660642515	0.355774482210163
2	22325000	22375000	0.00767506011834446	0.360958903603773
2	157875000	157925000	0.00763040228454465	0.356894571293854
2	159125000	159175000	0.00757447133952288	0.348286874733322
2	142025000	142075000	0.00755717533077349	0.362783014269294
2	148475000	148525000	0.00755449737240255	0.349042345553449
2	81775000	81825000	0.00753192029222155	0.362279461383324
2	34675000	34725000	0.00744137073914913	0.358200561437757
2	60025000	60075000	0.00737284599540505	0.361588407282333
2	200175000	200225000	0.00733168471823209	0.354041387580143
2	116475000	116525000	0.00728998396606761	0.3664752050043
2	221125000	221175000	0.00715449883999447	0.35408041286273
2	6125000	6175000	0.00695645980967591	0.361199269487912
2	183275000	183325000	0.00682673427062813	0.345080185976907
2	7825000	7875000	0.0068099115423042	0.357746353681888
2	17075000	17125000	0.00679324709984125	0.354811860204317
2	142175000	142225000	0.00676452471244049	0.361147422485425
2	138425000	138475000	0.00674047607633155	0.358601567285399
2	200075000	200125000	0.00673251847239076	0.355969291417702
2	49575000	49625000	0.00669583078987024	0.356779869944133
2	118125000	118175000	0.00642282535168937	0.360137764969489
2	69375000	69425000	0.00633814673071897	0.339874289253339
2	21775000	21825000	0.00630605131780476	0.360348122511453
2	13375000	13425000	0.00621493597881861	0.354385250784048
2	6625000	6675000	0.00603790890371281	0.356800749638174
2	60125000	60175000	0.00601305378692174	0.359056127129513
2	117325000	117375000	0.00598602271108029	0.361663722513896
2	115525000	115575000	0.00582946434701542	0.361620333319897
2	126925000	126975000	0.00573259274561128	0.364205484954783
2	209875000	209925000	0.00557679575062758	0.348152187465792
2	184375000	184425000	0.00545778503174921	0.355137077510236
2	214925000	214975000	0.00537952612433834	0.352874787956757
2	155575000	155625000	0.00529276271919071	0.361219846890143
2	117425000	117475000	0.00509643218908473	0.360867228531407
2	107625000	107675000	0.00508112138186328	0.360744622461494
2	79475000	79525000	0.0050441016773069	0.367639420843854
2	144675000	144725000	0.0045634687223729	0.360380685329612
2	105175000	105225000	0.0045121825979379	0.354637635472035
2	17175000	17225000	0.00442782557415666	0.355384257674573
2	144575000	144625000	0.00431329037543493	0.361081733097091
2	129575000	129625000	0.00422622286968538	0.358566968252125
2	121275000	121325000	0.00363090600030413	0.343248226286671
2	186925000	186975000	0.00361810544711044	0.349941107024464
2	116125000	116175000	0.00361304303903925	0.35991157362999
2	23075000	23125000	0.00360485216432987	0.355541303918824
2	61075000	61125000	0.00345482500815664	0.339866127364433
2	56825000	56875000	0.00319160055325374	0.353099328824412
2	19725000	19775000	0.00306023137780909	0.339524226375784
2	127025000	127075000	0.00305819540968622	0.361050891699927
2	155925000	155975000	0.00285455238808835	0.35658128672965
2	129175000	129225000	0.00194018576173594	0.354078596113616
2	44825000	44875000	0.00162845080304413	0.344142367867917
2	212175000	212225000	0.00139737063134354	0.353603210190989
