1	6
7	13
14	31
32	36
37	37
38	63
64	75
76	82
83	103
104	138
139	144
145	151
152	177
178	178
179	185
186	192
193	198
199	204
205	211
212	217
218	218
219	226
227	232
233	239
240	247
248	258
259	263
264	271
272	278
279	288
289	302
303	315
316	322
323	333
334	334
335	339
340	351
352	359
360	372
373	380
381	391
392	399
400	402
403	411
412	417
418	472
473	480
481	492
493	501
502	509
510	516
517	521
522	528
529	541
542	545
546	551
552	558
559	573
574	575
576	581
582	583
584	590
591	607
608	608
609	618
619	619
620	634
635	657
658	664
665	673
674	677
678	684
685	713
714	716
717	723
724	731
732	740
741	747
748	752
753	762
763	771
772	775
776	780
781	791
792	800
801	802
803	821
822	832
833	841
842	847
848	852
853	861
862	869
870	876
877	884
885	893
894	903
904	904
905	913
914	916
917	924
925	933
934	937
938	943
944	952
953	960
961	966
967	975
976	976
977	996
997	999
1000	1008
1009	1014
1015	1019
1020	1031
1032	1038
1039	1060
1061	1069
1070	1079
1080	1086
1087	1095
1096	1102
1103	1109
1110	1118
1119	1125
1126	1128
1129	1141
1142	1142
1143	1155
1156	1158
1159	1170
1171	1179
1180	1191
1192	1216
1217	1218
1219	1226
1227	1235
1236	1244
1245	1253
1254	1261
1262	1265
1266	1275
1276	1276
1277	1283
1284	1284
1285	1291
1292	1296
1297	1302
1303	1309
1310	1317
1318	1336
1337	1349
1350	1366
1367	1373
1374	1379
1380	1384
1385	1392
1393	1402
1403	1404
1405	1410
1411	1418
1419	1425
1426	1435
1436	1440
1441	1448
1449	1462
1463	1470
1471	1479
1480	1489
1490	1498
1499	1503
1504	1513
1514	1518
1519	1519
1520	1537
1538	1543
1544	1592
1593	1601
1602	1607
1608	1660
1661	1669
1670	1681
1682	1694
1695	1703
1704	1705
1706	1711
1712	1717
1718	1721
1722	1727
1728	1732
1733	1741
1742	1742
1767	1780
1781	1787
1914	1920
1921	1929
1930	1930
1931	1933
1934	1939
1940	1944
1945	1950
1951	1954
1955	1961
1966	1968
1969	1980
1981	1985
1986	1994
1995	2003
2004	2017
2018	2024
2025	2032
2033	2038
2039	2040
2041	2050
2051	2052
2053	2061
2062	2068
2069	2110
2111	2119
2120	2123
2124	2134
2135	2141
2142	2145
2146	2178
2179	2187
2188	2194
2195	2202
2231	2234
2235	2241
2243	2243
2245	2250
2251	2252
2253	2256
2257	2265
2266	2266
2267	2275
2276	2282
2283	2289
2290	2295
2296	2319
2320	2371
2372	2376
2377	2382
2383	2393
2394	2402
2403	2408
2409	2420
2421	2429
2430	2437
2438	2443
2444	2451
2452	2464
2465	2472
2473	2495
2496	2555
2556	2581
2582	2589
2590	2601
2602	2604
2605	2613
2614	2616
2620	2624
2630	2638
2639	2639
2640	2642
2643	2653
2654	2659
2660	2679
2680	2692
2693	2704
2705	2714
2715	2733
2734	2743
2744	2744
2745	2753
2754	2772
2773	2773
2774	2792
2793	2811
2812	2858
2859	2868
2869	2875
2876	2881
2882	2885
2886	2914
2915	2926
2927	2931
2932	2949
2950	2956
2957	2963
2964	2974
2975	2983
2984	2991
2992	2998
2999	3008
3009	3012
3013	3027
3028	3042
3043	3048
3049	3058
3059	3060
3061	3070
3071	3072
3073	3088
3089	3095
3096	3105
3106	3124
3125	3144
3145	3149
3150	3162
3163	3163
3164	3178
3179	3193
3194	3201
3202	3205
3206	3213
3214	3218
3219	3226
3227	3237
3238	3248
3249	3257
3258	3264
3265	3274
3275	3280
3281	3299
3300	3308
3309	3310
3311	3317
3318	3324
3325	3332
3333	3336
3337	3347
3348	3363
3364	3379
3380	3384
3385	3393
3394	3399
3400	3406
3407	3416
3417	3424
3425	3434
3435	3437
3438	3446
3447	3452
3453	3460
3461	3467
3468	3472
3473	3477
3478	3482
3483	3485
3486	3495
3496	3499
3500	3505
3506	3511
3512	3518
3519	3523
3524	3531
3532	3540
3541	3551
3552	3560
3561	3573
3574	3579
3580	3587
3588	3591
3592	3600
3601	3605
3606	3614
3615	3620
3621	3629
3630	3639
3640	3647
3648	3652
3653	3660
3661	3661
3662	3671
3672	3678
3679	3681
3682	3700
3701	3706
3707	3721
3722	3723
3724	3732
3733	3733
3734	3743
3744	3747
3748	3751
3752	3755
3756	3767
3768	3775
3776	3788
3789	3797
3798	3798
3799	3806
3807	3810
3811	3824
3825	3838
3839	3848
3849	3852
3853	3863
3864	3872
3873	3890
3891	3899
3900	3931
3932	3939
3940	3944
3945	3953
3954	3958
3959	3965
3966	3973
3974	3983
3984	3998
3999	4008
4009	4016
4017	4027
4028	4035
4036	4042
4043	4052
4053	4061
4062	4068
4069	4075
4076	4081
4082	4086
4087	4095
4096	4104
4105	4113
4114	4123
4124	4131
4132	4137
4138	4159
4160	4168
4169	4172
4173	4179
4180	4185
4186	4193
4194	4204
4205	4216
4217	4222
4223	4230
4231	4239
4240	4241
4242	4260
4261	4269
4270	4271
4272	4281
4282	4282
4283	4292
4293	4315
4316	4324
4325	4326
4327	4336
4337	4340
4341	4347
4348	4351
4352	4361
4362	4368
4369	4372
4373	4380
4381	4390
4391	4396
4397	4405
4406	4412
4413	4431
4432	4457
4458	4462
4463	4470
4471	4476
4477	4477
4478	4486
4487	4497
4498	4504
4505	4513
4514	4519
4520	4530
4531	4553
4554	4559
4560	4564
4565	4569
4570	4575
4576	4591
4592	4598
4599	4604
4605	4612
4613	4616
4617	4630
4631	4639
4640	4647
4648	4653
4654	4665
4666	4674
4675	4684
4685	4687
4688	4696
4697	4700
4701	4709
4710	4718
4719	4721
4722	4730
4731	4734
4735	4744
4745	4750
4751	4760
4761	4769
4770	4774
4775	4783
4784	4788
4789	4795
4796	4799
4800	4807
4808	4817
4818	4819
4820	4822
4823	4828
4829	4835
4836	4843
4844	4852
4853	4861
