Start	End	Cen
0	6	0
6	13	9
13	30	25
30	36	33
36	49	45
49	67	54
67	74	70
74	94	85
94	101	100
101	110	106
110	118	117
118	138	132
138	151	148
151	167	158
167	176	172
176	191	182
191	204	200
204	216	207
216	225	222
225	239	229
239	246	243
246	263	253
263	271	268
271	279	275
279	288	284
288	305	293
305	314	310
314	333	326
333	350	343
350	358	354
358	371	363
371	379	376
379	391	385
391	401	395
401	410	406
410	417	414
417	425	421
425	451	430
451	458	454
458	466	461
466	479	475
479	492	484
492	501	496
501	509	505
509	521	513
521	534	525
534	540	537
540	551	547
551	558	554
558	573	565
573	582	578
582	589	585
589	607	597
607	618	612
618	634	624
634	640	637
640	657	644
657	665	661
665	677	668
677	685	681
685	699	690
699	712	703
712	723	717
723	730	727
730	739	733
739	751	742
751	762	757
762	770	767
770	780	773
780	790	787
790	800	795
800	820	805
820	832	827
832	840	836
840	851	844
851	860	856
860	876	865
876	884	879
884	893	889
893	904	897
904	915	909
915	924	920
924	932	928
932	943	939
943	952	947
952	960	956
960	976	969
976	983	980
983	996	988
996	1014	1003
1014	1031	1023
1031	1052	1041
1052	1068	1065
1068	1079	1073
1079	1098	1090
1098	1109	1105
1109	1117	1112
1117	1127	1121
1127	1139	1132
1139	1156	1149
1156	1174	1166
1174	1180	1177
1180	1190	1187
1190	1207	1202
1207	1218	1211
1218	1225	1222
1225	1234	1231
1234	1242	1238
1242	1253	1248
1253	1260	1256
1260	1275	1270
1275	1284	1280
1284	1295	1288
1295	1309	1299
1309	1316	1312
1316	1336	1327
1336	1348	1341
1348	1357	1352
1357	1365	1362
1365	1373	1369
1373	1391	1387
1391	1401	1397
1401	1410	1405
1410	1417	1414
1417	1424	1421
1424	1435	1431
1435	1447	1444
1447	1461	1454
1461	1469	1464
1469	1479	1474
1479	1488	1484
1488	1497	1491
1497	1504	1500
1504	1518	1509
1518	1528	1524
1528	1539	1532
1546	1554	1551
1554	1570	1558
1570	1586	1577
1586	1603	1596
1603	1623	1613
1623	1629	1625
1629	1642	1637
1642	1651	1647
1651	1669	1664
1669	1679	1675
1679	1691	1688
1691	1702	1698
1702	1711	1708
1711	1716	1714
1716	1733	1723
1733	1739	1736
1739	1748	1743
1748	1755	1751
1755	1761	1759
1761	1764	1765
1764	1780	1773
1780	1792	1785
1796	1808	1800
1833	1845	1841
1906	1916	1910
1916	1932	1924
1932	1938	1935
1938	1944	1941
1944	1959	1947
1959	1979	1972
1979	1994	1989
1994	2003	1997
2003	2023	2012
2023	2037	2028
2037	2049	2044
2049	2060	2054
2060	2068	2063
2068	2084	2080
2084	2091	2087
2091	2109	2103
2109	2123	2121
2123	2134	2127
2134	2144	2138
2144	2156	2150
2156	2169	2165
2169	2176	2172
2176	2186	2181
2186	2204	2198
2204	2210	2207
2215	2222	2220
2227	2237	2234
2237	2244	2240
2244	2250	2247
2250	2265	2260
2265	2275	2271
2275	2284	2280
2284	2294	2291
2294	2318	2300
2318	2333	2323
2333	2333	2331
2333	2341	2337
2341	2356	2348
2356	2370	2362
2370	2392	2388
2392	2408	2397
2408	2419	2414
2419	2429	2425
2429	2436	2432
2436	2442	2439
2442	2450	2447
2450	2464	2460
2464	2472	2468
2472	2480	2476
2480	2495	2485
2495	2505	2500
2510	2529	2523
2537	2555	2545
2555	2572	2562
2572	2581	2574
2581	2589	2585
2589	2600	2596
2600	2616	2608
2616	2628	2618
2628	2637	2633
2637	2651	2646
2651	2659	2655
2659	2666	2663
2666	2678	2673
2678	2692	2683
2692	2704	2700
2704	2714	2708
2714	2732	2722
2732	2743	2738
2743	2753	2747
2753	2772	2760
2772	2791	2787
2791	2804	2800
2804	2810	2807
2810	2832	2828
2832	2858	2849
2858	2867	2862
2867	2875	2871
2875	2886	2878
2886	2904	2891
2904	2912	2908
2912	2924	2916
2924	2930	2927
2930	2949	2939
2949	2962	2959
2962	2973	2968
2973	2985	2978
2985	2994	2989
2994	3008	3001
3008	3026	3018
3026	3046	3033
3046	3060	3053
3060	3071	3065
3071	3088	3077
3088	3105	3100
3105	3123	3113
3123	3143	3128
3143	3149	3146
3149	3162	3152
3162	3177	3173
3177	3193	3182
3193	3201	3197
3201	3218	3208
3218	3224	3221
3224	3242	3231
3242	3264	3252
3264	3273	3268
3273	3280	3276
3280	3286	3284
3286	3298	3292
3298	3307	3303
3307	3316	3313
3316	3323	3320
3323	3335	3328
3335	3347	3342
3347	3362	3359
3362	3379	3370
3379	3395	3388
3395	3405	3398
3405	3415	3410
3415	3424	3419
3424	3434	3429
3434	3446	3441
3446	3460	3455
3460	3467	3463
3467	3484	3479
3484	3493	3489
3493	3505	3501
3505	3522	3514
3522	3530	3527
3530	3539	3534
3539	3550	3544
3550	3559	3555
3559	3572	3568
3572	3591	3582
3591	3600	3595
3600	3619	3609
3619	3628	3624
3628	3638	3633
3638	3651	3643
3651	3660	3655
3660	3670	3665
3670	3682	3675
3682	3691	3688
3691	3698	3695
3698	3709	3702
3709	3722	3714
3722	3732	3727
3732	3746	3738
3746	3753	3748
3753	3766	3758
3766	3774	3771
3774	3787	3780
3787	3798	3792
3798	3810	3802
3810	3824	3815
3824	3837	3829
3837	3847	3842
3847	3853	3850
3853	3860	3856
3860	3872	3867
3872	3882	3877
3882	3890	3886
3890	3900	3894
3900	3914	3904
3914	3923	3918
3923	3930	3928
3930	3938	3934
3938	3944	3941
3944	3953	3948
3953	3972	3961
3972	3983	3976
3983	3997	3987
3997	4007	4002
4007	4016	4012
4016	4026	4021
4026	4034	4030
4034	4041	4038
4041	4052	4046
4052	4062	4056
4062	4086	4071
4086	4095	4090
4095	4111	4107
4111	4122	4117
4122	4130	4126
4130	4136	4133
4136	4153	4147
4153	4167	4162
4167	4185	4175
4185	4193	4190
4193	4203	4197
4203	4216	4212
4216	4226	4219
4226	4240	4234
4240	4251	4244
4251	4262	4258
4262	4268	4264
4268	4282	4276
4282	4293	4286
4293	4303	4299
4303	4315	4307
4315	4323	4320
4323	4336	4330
4336	4351	4343
4351	4360	4356
4360	4372	4363
4372	4380	4375
4380	4389	4385
4389	4395	4392
4395	4411	4400
4411	4430	4423
4430	4437	4434
4437	4449	4445
4449	4456	4453
4456	4469	4465
4469	4476	4473
4476	4484	4481
4484	4496	4487
4496	4503	4500
4503	4512	4507
4512	4519	4515
4519	4530	4525
4530	4540	4538
4540	4558	4548
4558	4575	4568
4575	4583	4580
4583	4590	4586
4590	4602	4595
4602	4611	4607
4611	4633	4623
4633	4646	4643
4646	4653	4650
4653	4668	4659
4668	4684	4677
4684	4696	4690
4696	4709	4704
4709	4720	4713
4720	4733	4725
4733	4744	4738
4744	4759	4752
4759	4773	4764
4773	4782	4778
4782	4799	4790
4799	4818	4811
4818	4835	4825
4835	4842	4838
4842	4851	4847
4851	4863	4860
