chr	from.id	from.coord	to.id	to.coord	tag	size
chr2	1	0	6	300000	domain	300000
chr2	7	300000	13	650000	domain	350000
chr2	14	650000	30	1500000	domain	850000
chr2	31	1500000	37	1850000	domain	350000
chr2	38	1850000	67	3350000	domain	1500000
chr2	68	3350000	75	3750000	domain	400000
chr2	76	3750000	139	6950000	domain	3200000
chr2	140	6950000	145	7250000	domain	300000
chr2	146	7250000	151	7550000	domain	300000
chr2	152	7550000	177	8850000	domain	1300000
chr2	178	8850000	186	9300000	domain	450000
chr2	187	9300000	191	9550000	domain	250000
chr2	192	9550000	198	9900000	domain	350000
chr2	199	9900000	204	10200000	domain	300000
chr2	205	10200000	211	10550000	domain	350000
chr2	212	10550000	217	10850000	domain	300000
chr2	218	10850000	219	10950000	boundary	100000
chr2	220	10950000	226	11300000	domain	350000
chr2	227	11300000	232	11600000	domain	300000
chr2	233	11600000	236	11800000	domain	200000
chr2	237	11800000	239	11950000	boundary	150000
chr2	240	11950000	246	12300000	domain	350000
chr2	247	12300000	257	12850000	domain	550000
chr2	258	12850000	263	13150000	domain	300000
chr2	264	13150000	272	13600000	domain	450000
chr2	273	13600000	302	15100000	domain	1500000
chr2	303	15100000	306	15300000	domain	200000
chr2	307	15300000	315	15750000	domain	450000
chr2	316	15750000	334	16700000	domain	950000
chr2	335	16700000	339	16950000	domain	250000
chr2	340	16950000	350	17500000	domain	550000
chr2	351	17500000	358	17900000	domain	400000
chr2	359	17900000	367	18350000	domain	450000
chr2	368	18350000	372	18600000	domain	250000
chr2	373	18600000	380	19000000	domain	400000
chr2	381	19000000	391	19550000	domain	550000
chr2	392	19550000	402	20100000	domain	550000
chr2	403	20100000	411	20550000	domain	450000
chr2	412	20550000	417	20850000	domain	300000
chr2	418	20850000	425	21250000	domain	400000
chr2	426	21250000	472	23600000	domain	2350000
chr2	473	23600000	480	24000000	domain	400000
chr2	481	24000000	493	24650000	domain	650000
chr2	494	24650000	501	25050000	domain	400000
chr2	502	25050000	509	25450000	domain	400000
chr2	510	25450000	516	25800000	domain	350000
chr2	517	25800000	521	26050000	domain	250000
chr2	522	26050000	528	26400000	domain	350000
chr2	529	26400000	534	26700000	domain	300000
chr2	535	26700000	536	26800000	boundary	100000
chr2	537	26800000	540	27000000	domain	200000
chr2	541	27000000	545	27250000	domain	250000
chr2	546	27250000	552	27600000	domain	350000
chr2	553	27600000	558	27900000	domain	300000
chr2	559	27900000	574	28700000	domain	800000
chr2	575	28700000	583	29150000	domain	450000
chr2	584	29150000	589	29450000	domain	300000
chr2	590	29450000	601	30050000	domain	600000
chr2	602	30050000	608	30400000	domain	350000
chr2	609	30400000	619	30950000	domain	550000
chr2	620	30950000	628	31400000	domain	450000
chr2	629	31400000	634	31700000	domain	300000
chr2	635	31700000	641	32050000	domain	350000
chr2	642	32050000	657	32850000	domain	800000
chr2	658	32850000	665	33250000	domain	400000
chr2	666	33250000	677	33850000	domain	600000
chr2	678	33850000	685	34250000	domain	400000
chr2	686	34250000	731	36550000	domain	2300000
chr2	732	36550000	740	37000000	domain	450000
chr2	741	37000000	748	37400000	domain	400000
chr2	749	37400000	752	37600000	boundary	200000
chr2	753	37600000	762	38100000	domain	500000
chr2	763	38100000	770	38500000	domain	400000
chr2	771	38500000	776	38800000	domain	300000
chr2	777	38800000	782	39100000	domain	300000
chr2	783	39100000	790	39500000	domain	400000
chr2	791	39500000	800	40000000	domain	500000
chr2	801	40000000	809	40450000	domain	450000
chr2	810	40450000	821	41050000	domain	600000
chr2	822	41050000	841	42050000	domain	1000000
chr2	842	42050000	847	42350000	domain	300000
chr2	848	42350000	852	42600000	domain	250000
chr2	853	42600000	861	43050000	domain	450000
chr2	862	43050000	869	43450000	domain	400000
chr2	870	43450000	876	43800000	domain	350000
chr2	877	43800000	885	44250000	domain	450000
chr2	886	44250000	892	44600000	domain	350000
chr2	893	44600000	904	45200000	domain	600000
chr2	905	45200000	916	45800000	domain	600000
chr2	917	45800000	924	46200000	domain	400000
chr2	925	46200000	932	46600000	domain	400000
chr2	933	46600000	934	46700000	boundary	100000
chr2	935	46700000	937	46850000	domain	150000
chr2	938	46850000	943	47150000	domain	300000
chr2	944	47150000	951	47550000	domain	400000
chr2	952	47550000	953	47650000	boundary	100000
chr2	954	47650000	960	48000000	domain	350000
chr2	961	48000000	967	48350000	domain	350000
chr2	968	48350000	974	48700000	domain	350000
chr2	975	48700000	976	48800000	boundary	100000
chr2	977	48800000	984	49200000	domain	400000
chr2	985	49200000	996	49800000	domain	600000
chr2	997	49800000	1015	50750000	domain	950000
chr2	1016	50750000	1069	53450000	domain	2700000
chr2	1070	53450000	1080	54000000	domain	550000
chr2	1081	54000000	1087	54350000	domain	350000
chr2	1088	54350000	1095	54750000	domain	400000
chr2	1096	54750000	1099	54950000	domain	200000
chr2	1100	54950000	1109	55450000	domain	500000
chr2	1110	55450000	1118	55900000	domain	450000
chr2	1119	55900000	1128	56400000	domain	500000
chr2	1129	56400000	1140	57000000	domain	600000
chr2	1141	57000000	1155	57750000	domain	750000
chr2	1156	57750000	1157	57850000	boundary	100000
chr2	1158	57850000	1174	58700000	domain	850000
chr2	1175	58700000	1207	60350000	domain	1650000
chr2	1208	60350000	1218	60900000	domain	550000
chr2	1219	60900000	1226	61300000	domain	400000
chr2	1227	61300000	1235	61750000	domain	450000
chr2	1236	61750000	1243	62150000	domain	400000
chr2	1244	62150000	1253	62650000	domain	500000
chr2	1254	62650000	1260	63000000	domain	350000
chr2	1261	63000000	1266	63300000	domain	300000
chr2	1267	63300000	1276	63800000	domain	500000
chr2	1277	63800000	1285	64250000	domain	450000
chr2	1286	64250000	1291	64550000	domain	300000
chr2	1292	64550000	1296	64800000	domain	250000
chr2	1297	64800000	1302	65100000	domain	300000
chr2	1303	65100000	1309	65450000	domain	350000
chr2	1310	65450000	1316	65800000	domain	350000
chr2	1317	65800000	1333	66650000	domain	850000
chr2	1334	66650000	1337	66850000	domain	200000
chr2	1338	66850000	1349	67450000	domain	600000
chr2	1350	67450000	1366	68300000	domain	850000
chr2	1367	68300000	1374	68700000	domain	400000
chr2	1375	68700000	1379	68950000	domain	250000
chr2	1380	68950000	1384	69200000	domain	250000
chr2	1385	69200000	1391	69550000	domain	350000
chr2	1392	69550000	1402	70100000	domain	550000
chr2	1403	70100000	1410	70500000	domain	400000
chr2	1411	70500000	1418	70900000	domain	400000
chr2	1419	70900000	1425	71250000	domain	350000
chr2	1426	71250000	1435	71750000	domain	500000
chr2	1436	71750000	1442	72100000	domain	350000
chr2	1443	72100000	1448	72400000	domain	300000
chr2	1449	72400000	1460	73000000	domain	600000
chr2	1461	73000000	1462	73100000	boundary	100000
chr2	1463	73100000	1470	73500000	domain	400000
chr2	1471	73500000	1479	73950000	domain	450000
chr2	1480	73950000	1489	74450000	domain	500000
chr2	1490	74450000	1494	74700000	domain	250000
chr2	1495	74700000	1497	74850000	domain	150000
chr2	1498	74850000	1504	75200000	domain	350000
chr2	1505	75200000	1513	75650000	domain	450000
chr2	1514	75650000	1519	75950000	domain	300000
chr2	1520	75950000	1604	80200000	domain	4250000
chr2	1605	80200000	1669	83450000	domain	3250000
chr2	1670	83450000	1680	84000000	domain	550000
chr2	1681	84000000	1692	84600000	domain	600000
chr2	1693	84600000	1703	85150000	domain	550000
chr2	1704	85150000	1711	85550000	domain	400000
chr2	1712	85550000	1717	85850000	domain	300000
chr2	1718	85850000	1721	86050000	domain	200000
chr2	1722	86050000	1728	86400000	domain	350000
chr2	1729	86400000	1732	86600000	domain	200000
chr2	1733	86600000	1740	87000000	domain	400000
chr2	1741	87000000	1744	87200000	domain	200000
chr2	1745	87200000	1746	87300000	gap	100000
chr2	1747	87300000	1749	87450000	domain	150000
chr2	1750	87450000	1752	87600000	domain	150000
chr2	1753	87600000	1754	87700000	gap	100000
chr2	1755	87700000	1761	88050000	domain	350000
chr2	1762	88050000	1763	88150000	gap	100000
chr2	1764	88150000	1770	88500000	domain	350000
chr2	1771	88500000	1777	88850000	domain	350000
chr2	1778	88850000	1780	89000000	boundary	150000
chr2	1781	89000000	1792	89600000	domain	600000
chr2	1793	89600000	1800	90000000	gap	400000
chr2	1801	90000000	1806	90300000	domain	300000
chr2	1807	90300000	1832	91600000	gap	1300000
chr2	1833	91600000	1846	92300000	domain	700000
chr2	1847	92300000	1906	95300000	gap	3000000
chr2	1907	95300000	1910	95500000	domain	200000
chr2	1911	95500000	1913	95650000	boundary	150000
chr2	1914	95650000	1929	96450000	domain	800000
chr2	1930	96450000	1933	96650000	domain	200000
chr2	1934	96650000	1939	96950000	domain	300000
chr2	1940	96950000	1944	97200000	domain	250000
chr2	1945	97200000	1950	97500000	domain	300000
chr2	1951	97500000	1961	98050000	domain	550000
chr2	1962	98050000	1963	98150000	gap	100000
chr2	1964	98150000	1967	98350000	domain	200000
chr2	1968	98350000	1980	99000000	domain	650000
chr2	1981	99000000	1985	99250000	domain	250000
chr2	1986	99250000	1994	99700000	domain	450000
chr2	1995	99700000	2003	100150000	domain	450000
chr2	2004	100150000	2009	100450000	domain	300000
chr2	2010	100450000	2017	100850000	domain	400000
chr2	2018	100850000	2024	101200000	domain	350000
chr2	2025	101200000	2032	101600000	domain	400000
chr2	2033	101600000	2038	101900000	domain	300000
chr2	2039	101900000	2050	102500000	domain	600000
chr2	2051	102500000	2061	103050000	domain	550000
chr2	2062	103050000	2069	103450000	domain	400000
chr2	2070	103450000	2111	105550000	domain	2100000
chr2	2112	105550000	2118	105900000	domain	350000
chr2	2119	105900000	2123	106150000	domain	250000
chr2	2124	106150000	2134	106700000	domain	550000
chr2	2135	106700000	2145	107250000	domain	550000
chr2	2146	107250000	2170	108500000	domain	1250000
chr2	2171	108500000	2176	108800000	domain	300000
chr2	2177	108800000	2187	109350000	domain	550000
chr2	2188	109350000	2195	109750000	domain	400000
chr2	2196	109750000	2203	110150000	domain	400000
chr2	2204	110150000	2205	110250000	gap	100000
chr2	2206	110250000	2210	110500000	domain	250000
chr2	2211	110500000	2227	111350000	gap	850000
chr2	2228	111350000	2237	111850000	domain	500000
chr2	2238	111850000	2244	112200000	domain	350000
chr2	2245	112200000	2250	112500000	domain	300000
chr2	2251	112500000	2257	112850000	domain	350000
chr2	2258	112850000	2266	113300000	domain	450000
chr2	2267	113300000	2275	113750000	domain	450000
chr2	2276	113750000	2285	114250000	domain	500000
chr2	2286	114250000	2295	114750000	domain	500000
chr2	2296	114750000	2371	118550000	domain	3800000
chr2	2372	118550000	2392	119600000	domain	1050000
chr2	2393	119600000	2403	120150000	domain	550000
chr2	2404	120150000	2409	120450000	domain	300000
chr2	2410	120450000	2419	120950000	domain	500000
chr2	2420	120950000	2421	121050000	boundary	100000
chr2	2422	121050000	2429	121450000	domain	400000
chr2	2430	121450000	2437	121850000	domain	400000
chr2	2438	121850000	2443	122150000	domain	300000
chr2	2444	122150000	2451	122550000	domain	400000
chr2	2452	122550000	2465	123250000	domain	700000
chr2	2466	123250000	2556	127800000	domain	4550000
chr2	2557	127800000	2565	128250000	domain	450000
chr2	2566	128250000	2569	128450000	domain	200000
chr2	2570	128450000	2572	128600000	domain	150000
chr2	2573	128600000	2579	128950000	domain	350000
chr2	2580	128950000	2582	129100000	boundary	150000
chr2	2583	129100000	2590	129500000	domain	400000
chr2	2591	129500000	2601	130050000	domain	550000
chr2	2602	130050000	2614	130700000	domain	650000
chr2	2615	130700000	2622	131100000	domain	400000
chr2	2623	131100000	2624	131200000	domain	100000
chr2	2625	131200000	2629	131450000	gap	250000
chr2	2630	131450000	2631	131550000	boundary	100000
chr2	2632	131550000	2638	131900000	domain	350000
chr2	2639	131900000	2652	132600000	domain	700000
chr2	2653	132600000	2659	132950000	domain	350000
chr2	2660	132950000	2679	133950000	domain	1000000
chr2	2680	133950000	2692	134600000	domain	650000
chr2	2693	134600000	2704	135200000	domain	600000
chr2	2705	135200000	2714	135700000	domain	500000
chr2	2715	135700000	2732	136600000	domain	900000
chr2	2733	136600000	2744	137200000	domain	600000
chr2	2745	137200000	2754	137700000	domain	500000
chr2	2755	137700000	2765	138250000	domain	550000
chr2	2766	138250000	2772	138600000	domain	350000
chr2	2773	138600000	2792	139600000	domain	1000000
chr2	2793	139600000	2858	142900000	domain	3300000
chr2	2859	142900000	2868	143400000	domain	500000
chr2	2869	143400000	2875	143750000	domain	350000
chr2	2876	143750000	2881	144050000	domain	300000
chr2	2882	144050000	2925	146250000	domain	2200000
chr2	2926	146250000	2931	146550000	domain	300000
chr2	2932	146550000	2949	147450000	domain	900000
chr2	2950	147450000	2956	147800000	domain	350000
chr2	2957	147800000	2974	148700000	domain	900000
chr2	2975	148700000	2985	149250000	domain	550000
chr2	2986	149250000	2997	149850000	domain	600000
chr2	2998	149850000	3009	150450000	domain	600000
chr2	3010	150450000	3026	151300000	domain	850000
chr2	3027	151300000	3042	152100000	domain	800000
chr2	3043	152100000	3047	152350000	domain	250000
chr2	3048	152350000	3058	152900000	domain	550000
chr2	3059	152900000	3072	153600000	domain	700000
chr2	3073	153600000	3089	154450000	domain	850000
chr2	3090	154450000	3105	155250000	domain	800000
chr2	3106	155250000	3124	156200000	domain	950000
chr2	3125	156200000	3144	157200000	domain	1000000
chr2	3145	157200000	3149	157450000	domain	250000
chr2	3150	157450000	3163	158150000	domain	700000
chr2	3164	158150000	3178	158900000	domain	750000
chr2	3179	158900000	3186	159300000	domain	400000
chr2	3187	159300000	3194	159700000	domain	400000
chr2	3195	159700000	3202	160100000	domain	400000
chr2	3203	160100000	3212	160600000	domain	500000
chr2	3213	160600000	3219	160950000	domain	350000
chr2	3220	160950000	3224	161200000	domain	250000
chr2	3225	161200000	3237	161850000	domain	650000
chr2	3238	161850000	3242	162100000	boundary	250000
chr2	3243	162100000	3246	162300000	domain	200000
chr2	3247	162300000	3256	162800000	domain	500000
chr2	3257	162800000	3260	163000000	domain	200000
chr2	3261	163000000	3264	163200000	domain	200000
chr2	3265	163200000	3274	163700000	domain	500000
chr2	3275	163700000	3280	164000000	domain	300000
chr2	3281	164000000	3298	164900000	domain	900000
chr2	3299	164900000	3308	165400000	domain	500000
chr2	3309	165400000	3317	165850000	domain	450000
chr2	3318	165850000	3324	166200000	domain	350000
chr2	3325	166200000	3336	166800000	domain	600000
chr2	3337	166800000	3347	167350000	domain	550000
chr2	3348	167350000	3363	168150000	domain	800000
chr2	3364	168150000	3377	168850000	domain	700000
chr2	3378	168850000	3379	168950000	boundary	100000
chr2	3380	168950000	3384	169200000	domain	250000
chr2	3385	169200000	3392	169600000	domain	400000
chr2	3393	169600000	3396	169800000	domain	200000
chr2	3397	169800000	3406	170300000	domain	500000
chr2	3407	170300000	3416	170800000	domain	500000
chr2	3417	170800000	3424	171200000	domain	400000
chr2	3425	171200000	3435	171750000	domain	550000
chr2	3436	171750000	3446	172300000	domain	550000
chr2	3447	172300000	3453	172650000	domain	350000
chr2	3454	172650000	3460	173000000	domain	350000
chr2	3461	173000000	3467	173350000	domain	350000
chr2	3468	173350000	3473	173650000	domain	300000
chr2	3474	173650000	3476	173800000	domain	150000
chr2	3477	173800000	3485	174250000	domain	450000
chr2	3486	174250000	3495	174750000	domain	500000
chr2	3496	174750000	3499	174950000	domain	200000
chr2	3500	174950000	3505	175250000	domain	300000
chr2	3506	175250000	3512	175600000	domain	350000
chr2	3513	175600000	3518	175900000	domain	300000
chr2	3519	175900000	3523	176150000	domain	250000
chr2	3524	176150000	3531	176550000	domain	400000
chr2	3532	176550000	3540	177000000	domain	450000
chr2	3541	177000000	3551	177550000	domain	550000
chr2	3552	177550000	3560	178000000	domain	450000
chr2	3561	178000000	3566	178300000	domain	300000
chr2	3567	178300000	3573	178650000	domain	350000
chr2	3574	178650000	3579	178950000	domain	300000
chr2	3580	178950000	3587	179350000	domain	400000
chr2	3588	179350000	3591	179550000	domain	200000
chr2	3592	179550000	3600	180000000	domain	450000
chr2	3601	180000000	3605	180250000	domain	250000
chr2	3606	180250000	3613	180650000	domain	400000
chr2	3614	180650000	3620	181000000	domain	350000
chr2	3621	181000000	3639	181950000	domain	950000
chr2	3640	181950000	3652	182600000	domain	650000
chr2	3653	182600000	3660	183000000	domain	400000
chr2	3661	183000000	3671	183550000	domain	550000
chr2	3672	183550000	3680	184000000	domain	450000
chr2	3681	184000000	3682	184100000	boundary	100000
chr2	3683	184100000	3721	186050000	domain	1950000
chr2	3722	186050000	3723	186150000	boundary	100000
chr2	3724	186150000	3732	186600000	domain	450000
chr2	3733	186600000	3747	187350000	domain	750000
chr2	3748	187350000	3751	187550000	domain	200000
chr2	3752	187550000	3767	188350000	domain	800000
chr2	3768	188350000	3775	188750000	domain	400000
chr2	3776	188750000	3788	189400000	domain	650000
chr2	3789	189400000	3799	189950000	domain	550000
chr2	3800	189950000	3806	190300000	domain	350000
chr2	3807	190300000	3812	190600000	domain	300000
chr2	3813	190600000	3819	190950000	domain	350000
chr2	3820	190950000	3824	191200000	domain	250000
chr2	3825	191200000	3833	191650000	domain	450000
chr2	3834	191650000	3838	191900000	domain	250000
chr2	3839	191900000	3848	192400000	domain	500000
chr2	3849	192400000	3854	192700000	domain	300000
chr2	3855	192700000	3861	193050000	domain	350000
chr2	3862	193050000	3872	193600000	domain	550000
chr2	3873	193600000	3890	194500000	domain	900000
chr2	3891	194500000	3915	195750000	domain	1250000
chr2	3916	195750000	3924	196200000	domain	450000
chr2	3925	196200000	3931	196550000	domain	350000
chr2	3932	196550000	3938	196900000	domain	350000
chr2	3939	196900000	3945	197250000	domain	350000
chr2	3946	197250000	3953	197650000	domain	400000
chr2	3954	197650000	3965	198250000	domain	600000
chr2	3966	198250000	3973	198650000	domain	400000
chr2	3974	198650000	3984	199200000	domain	550000
chr2	3985	199200000	4008	200400000	domain	1200000
chr2	4009	200400000	4016	200800000	domain	400000
chr2	4017	200800000	4027	201350000	domain	550000
chr2	4028	201350000	4035	201750000	domain	400000
chr2	4036	201750000	4042	202100000	domain	350000
chr2	4043	202100000	4052	202600000	domain	500000
chr2	4053	202600000	4062	203100000	domain	500000
chr2	4063	203100000	4069	203450000	domain	350000
chr2	4070	203450000	4075	203750000	domain	300000
chr2	4076	203750000	4081	204050000	domain	300000
chr2	4082	204050000	4087	204350000	domain	300000
chr2	4088	204350000	4096	204800000	domain	450000
chr2	4097	204800000	4103	205150000	domain	350000
chr2	4104	205150000	4112	205600000	domain	450000
chr2	4113	205600000	4131	206550000	domain	950000
chr2	4132	206550000	4137	206850000	domain	300000
chr2	4138	206850000	4143	207150000	domain	300000
chr2	4144	207150000	4153	207650000	domain	500000
chr2	4154	207650000	4159	207950000	domain	300000
chr2	4160	207950000	4167	208350000	domain	400000
chr2	4168	208350000	4172	208600000	domain	250000
chr2	4173	208600000	4179	208950000	domain	350000
chr2	4180	208950000	4185	209250000	domain	300000
chr2	4186	209250000	4203	210150000	domain	900000
chr2	4204	210150000	4216	210800000	domain	650000
chr2	4217	210800000	4222	211100000	domain	300000
chr2	4223	211100000	4226	211300000	domain	200000
chr2	4227	211300000	4238	211900000	domain	600000
chr2	4239	211900000	4241	212050000	domain	150000
chr2	4242	212050000	4252	212600000	domain	550000
chr2	4253	212600000	4269	213450000	domain	850000
chr2	4270	213450000	4282	214100000	domain	650000
chr2	4283	214100000	4293	214650000	domain	550000
chr2	4294	214650000	4316	215800000	domain	1150000
chr2	4317	215800000	4324	216200000	domain	400000
chr2	4325	216200000	4336	216800000	domain	600000
chr2	4337	216800000	4338	216900000	boundary	100000
chr2	4339	216900000	4347	217350000	domain	450000
chr2	4348	217350000	4351	217550000	domain	200000
chr2	4352	217550000	4360	218000000	domain	450000
chr2	4361	218000000	4368	218400000	domain	400000
chr2	4369	218400000	4372	218600000	domain	200000
chr2	4373	218600000	4381	219050000	domain	450000
chr2	4382	219050000	4390	219500000	domain	450000
chr2	4391	219500000	4395	219750000	domain	250000
chr2	4396	219750000	4405	220250000	domain	500000
chr2	4406	220250000	4412	220600000	domain	350000
chr2	4413	220600000	4431	221550000	domain	950000
chr2	4432	221550000	4449	222450000	domain	900000
chr2	4450	222450000	4457	222850000	domain	400000
chr2	4458	222850000	4470	223500000	domain	650000
chr2	4471	223500000	4477	223850000	domain	350000
chr2	4478	223850000	4491	224550000	domain	700000
chr2	4492	224550000	4497	224850000	domain	300000
chr2	4498	224850000	4503	225150000	domain	300000
chr2	4504	225150000	4512	225600000	domain	450000
chr2	4513	225600000	4520	226000000	domain	400000
chr2	4521	226000000	4531	226550000	domain	550000
chr2	4532	226550000	4553	227650000	domain	1100000
chr2	4554	227650000	4560	228000000	domain	350000
chr2	4561	228000000	4564	228200000	domain	200000
chr2	4565	228200000	4575	228750000	domain	550000
chr2	4576	228750000	4591	229550000	domain	800000
chr2	4592	229550000	4612	230600000	domain	1050000
chr2	4613	230600000	4616	230800000	domain	200000
chr2	4617	230800000	4630	231500000	domain	700000
chr2	4631	231500000	4634	231700000	domain	200000
chr2	4635	231700000	4639	231950000	domain	250000
chr2	4640	231950000	4646	232300000	domain	350000
chr2	4647	232300000	4654	232700000	domain	400000
chr2	4655	232700000	4664	233200000	domain	500000
chr2	4665	233200000	4666	233300000	boundary	100000
chr2	4667	233300000	4668	233400000	boundary	100000
chr2	4669	233400000	4674	233700000	domain	300000
chr2	4675	233700000	4684	234200000	domain	500000
chr2	4685	234200000	4697	234850000	domain	650000
chr2	4698	234850000	4709	235450000	domain	600000
chr2	4710	235450000	4721	236050000	domain	600000
chr2	4722	236050000	4730	236500000	domain	450000
chr2	4731	236500000	4734	236700000	domain	200000
chr2	4735	236700000	4745	237250000	domain	550000
chr2	4746	237250000	4748	237400000	domain	150000
chr2	4749	237400000	4760	238000000	domain	600000
chr2	4761	238000000	4768	238400000	domain	400000
chr2	4769	238400000	4770	238500000	boundary	100000
chr2	4771	238500000	4774	238700000	domain	200000
chr2	4775	238700000	4783	239150000	domain	450000
chr2	4784	239150000	4794	239700000	domain	550000
chr2	4795	239700000	4799	239950000	domain	250000
chr2	4800	239950000	4807	240350000	domain	400000
chr2	4808	240350000	4819	240950000	domain	600000
chr2	4820	240950000	4822	241100000	boundary	150000
chr2	4823	241100000	4829	241450000	domain	350000
chr2	4830	241450000	4836	241800000	domain	350000
chr2	4837	241800000	4841	242050000	domain	250000
chr2	4842	242050000	4843	242150000	boundary	100000
chr2	4844	242150000	4846	242300000	domain	150000
chr2	4847	242300000	4852	242600000	domain	300000
chr2	4853	242600000	4857	242850000	domain	250000
chr2	4858	242850000	4862	243100000	domain	250000
chr2	4863	243100000	4864	243200000	gap	100000
