2	107025000	107075000	0.275742770043684	0.550741407675538
2	114225000	114275000	0.165032519177382	0.48920674390318
2	107175000	107225000	0.109535623891577	0.387092922523366
2	15725000	15775000	0.0952902961585634	0.430627357268403
2	43025000	43075000	0.0895127837418964	0.418995287200588
2	6925000	6975000	0.0877013043204936	0.414161104448109
2	170275000	170325000	0.0825553119194273	0.411908050933886
2	70525000	70575000	0.0824524324285211	0.41095989540124
2	192375000	192425000	0.0791052119043555	0.409292868884288
2	62625000	62675000	0.0789730990225568	0.411817252853752
2	217525000	217575000	0.0780514712252808	0.407302268787529
2	85525000	85575000	0.0778802470875796	0.402268721746409
2	177975000	178025000	0.0770458509432545	0.411382846964671
2	45175000	45225000	0.0762320788187413	0.411684714894873
2	172975000	173025000	0.0760153185141936	0.406875392759893
2	132525000	132575000	0.0756804790331942	0.398689818276039
2	7225000	7275000	0.0745487389051537	0.395990830655029
2	209225000	209275000	0.0743822958438616	0.405286227735628
2	153575000	153625000	0.0737825689801319	0.411612391549536
2	101575000	101625000	0.0732217460880276	0.406076642123519
2	196925000	196975000	0.073097668287887	0.403150919562815
2	200825000	200875000	0.0722223674254976	0.407485304100807
2	106675000	106725000	0.0718625495286176	0.384802632259525
2	176975000	177025000	0.0717508802017822	0.409081591985023
2	148675000	148725000	0.0715145027900745	0.41048379920211
2	230575000	230625000	0.0707267272256818	0.407132841136056
2	20825000	20875000	0.0698275192463961	0.402995049742435
2	112475000	112525000	0.0691016943509509	0.401770173727599
2	182575000	182625000	0.0686024463216031	0.394045756300789
2	96525000	96575000	0.0684150973058154	0.395004455792983
2	181925000	181975000	0.0684067034852965	0.4064724548853
2	208325000	208375000	0.0674893776629689	0.40364102839138
2	20075000	20125000	0.0672782920904047	0.400691492448748
2	46175000	46225000	0.0672524921367051	0.399757072734336
2	55875000	55925000	0.06719972633586	0.399167195750754
2	211025000	211075000	0.0671801603231728	0.395827605252226
2	138575000	138625000	0.0671126871916754	0.401065671448332
2	11225000	11275000	0.066945459076845	0.396194407299871
2	30925000	30975000	0.0666125544408003	0.403691457054883
2	196175000	196225000	0.0662919879343187	0.397591244335701
2	137125000	137175000	0.0662525267668848	0.406927948542078
2	218625000	218675000	0.0659836334292143	0.393607321189724
2	65775000	65825000	0.0649658874096092	0.393597047882286
2	232275000	232325000	0.0648988179212677	0.392613270285206
2	66625000	66675000	0.0647591931152806	0.390700630019011
2	27875000	27925000	0.0644772997129341	0.400146310489887
2	68675000	68725000	0.0642789845414521	0.399476035692275
2	190275000	190325000	0.0640308690628172	0.401861774380808
2	156175000	156225000	0.0638492401273161	0.41111168069728
2	47975000	48025000	0.0638399329302519	0.394474295471283
2	122475000	122525000	0.0637468353434984	0.391012901196105
2	135175000	135225000	0.0635382577858832	0.399660484481916
2	158125000	158175000	0.063532271747311	0.396055257511849
2	225175000	225225000	0.0634641440048282	0.393896988549502
2	121825000	121875000	0.0633361590255821	0.390415237906347
2	8825000	8875000	0.0632763894232153	0.391374069539358
2	96625000	96675000	0.0631186923927672	0.388701871456425
2	225525000	225575000	0.0629714799730025	0.391002633788967
2	143725000	143775000	0.0629414927476828	0.400043727776552
2	47525000	47575000	0.0621128224629208	0.392517358438851
2	69525000	69575000	0.0619906141128476	0.391894889730805
2	16925000	16975000	0.0616879264033269	0.387829858661746
2	216775000	216825000	0.0615099493662175	0.399887521767992
2	71725000	71775000	0.0611146795283439	0.396370980054879
2	65075000	65125000	0.0609300510146472	0.391168990158743
2	214075000	214125000	0.0609087505248518	0.396342308166863
2	171775000	171825000	0.0605078264619627	0.399713775337095
2	85825000	85875000	0.0604119603707825	0.384329528870227
2	62125000	62175000	0.0600577747720176	0.3938574333638
2	30325000	30375000	0.058829108565428	0.395017323937255
2	16675000	16725000	0.0585890834964887	0.385013226639176
2	98375000	98425000	0.058433222524295	0.378405163397221
2	143375000	143425000	0.058104793801981	0.393718303592468
2	236675000	236725000	0.0579842329966311	0.395495581731971
2	220575000	220625000	0.0579273737630124	0.395482266450023
2	188325000	188375000	0.0578554392018475	0.398030865258522
2	235975000	236025000	0.0577882638798388	0.390269019597389
2	68275000	68325000	0.0576885051241527	0.397146150665845
2	196525000	196575000	0.0576558769652704	0.392307227650131
2	50725000	50775000	0.0576219350165009	0.399683257289341
2	113325000	113375000	0.0575452770423434	0.382923753347315
2	175575000	175625000	0.0573331913191216	0.390636982977998
2	202625000	202675000	0.0572348905434774	0.38863750884979
2	60875000	60925000	0.057211722602392	0.389050199895686
2	198225000	198275000	0.0571925559798169	0.39354109149995
2	149825000	149875000	0.0570277737336419	0.394211721293325
2	242925000	242975000	0.0569699103944814	0.356703376211831
2	223775000	223825000	0.0567923258571028	0.390358503103951
2	80075000	80125000	0.0564214208686835	0.396008911903362
2	47125000	47175000	0.056216971125962	0.387243742545359
2	10925000	10975000	0.0558751181132438	0.384879926964672
2	187325000	187375000	0.0558276231913686	0.389893374769692
2	242825000	242875000	0.0557664001853187	0.372140264568103
2	69125000	69175000	0.0556520663116618	0.385607435380605
2	175175000	175225000	0.0552503672540457	0.388869108876077
2	169775000	169825000	0.0552445549401256	0.393955664575011
2	48325000	48375000	0.0550759108068337	0.387335447359165
2	158875000	158925000	0.0549427117477815	0.394004534073084
2	121075000	121125000	0.0547082238896003	0.38602674368489
2	213425000	213475000	0.0544832621291831	0.396106513609534
2	45825000	45875000	0.0544353845237611	0.388082006316542
2	66825000	66875000	0.0541848032637681	0.38220746889169
2	38475000	38525000	0.0541252305661103	0.384295200482348
2	173325000	173375000	0.0541074895232585	0.382533217957457
2	57725000	57775000	0.0539288342800082	0.390172589675632
2	64775000	64825000	0.0538662143155205	0.386132840617369
2	208925000	208975000	0.0538101786165411	0.384094598615447
2	204325000	204375000	0.0535869791463456	0.388631398505641
2	113675000	113725000	0.0532520557740218	0.375678534545782
2	13125000	13175000	0.0531979063980795	0.389979911774696
2	97775000	97825000	0.0530948831023926	0.381367287221243
2	210775000	210825000	0.0530853659987486	0.380993746895708
2	201725000	201775000	0.0529709880313842	0.385533560971148
2	39475000	39525000	0.052870116297138	0.382319941210458
2	100125000	100175000	0.0528474321207233	0.393153130205062
2	61225000	61275000	0.0524787010006924	0.38000112494406
2	43775000	43825000	0.052230015875916	0.383069130650837
2	33825000	33875000	0.0521965342576945	0.386709464246303
2	38725000	38775000	0.0520122401665534	0.379196733563816
2	157425000	157475000	0.0518903925357188	0.389467094897469
2	28975000	29025000	0.0516691124033025	0.376862972377256
2	86025000	86075000	0.0515251984803256	0.378972368897843
2	98975000	99025000	0.0513235653140316	0.379491658701785
2	223475000	223525000	0.0512597775403976	0.383594780784102
2	182375000	182425000	0.0512087026344085	0.380823285612749
2	114725000	114775000	0.0512074183663415	0.386744153302059
2	238725000	238775000	0.0509557403317772	0.384337954944637
2	122125000	122175000	0.0509135914239338	0.377455244668217
2	9225000	9275000	0.0506702025463476	0.380431779754057
2	152075000	152125000	0.0505916205210116	0.390885852483687
2	107525000	107575000	0.0505268140703708	0.356010148751459
2	106825000	106875000	0.0502684728894911	0.346947936292233
2	99225000	99275000	0.0501113470866333	0.381137230749862
2	237975000	238025000	0.0500381153237827	0.388820146580724
2	139575000	139625000	0.0500281960572035	0.393669318947305
2	220225000	220275000	0.0498675936069317	0.384124927286313
2	70125000	70175000	0.0496281952654294	0.37910628483976
2	203025000	203075000	0.0495631488331959	0.381902220231421
2	11575000	11625000	0.0494991127707708	0.382837869485322
2	42025000	42075000	0.049477105334047	0.383049092127803
2	43425000	43475000	0.0490524767942288	0.378579727614639
2	113125000	113175000	0.0489067177223571	0.375972049760593
2	54325000	54375000	0.0488422974012213	0.386832791427256
2	113475000	113525000	0.048803907194444	0.372917241699468
2	202075000	202125000	0.0488020514369626	0.380488705790016
2	206775000	206825000	0.0486901824530221	0.386363756152891
2	64225000	64275000	0.0481694212902751	0.381453541737389
2	62975000	63025000	0.0480230141858197	0.382034078111788
2	60775000	60825000	0.0480026335411629	0.382522240396788
2	178925000	178975000	0.0478424352037649	0.382675771444061
2	46675000	46725000	0.0478203904809257	0.379547176774223
2	48825000	48875000	0.0477651120565387	0.384075177810911
2	187675000	187725000	0.0477324589075073	0.386392552389446
2	38975000	39025000	0.0476336161279517	0.373812695512503
2	39975000	40025000	0.0475909369315639	0.379109894061377
2	10225000	10275000	0.0475886829176718	0.37841547318303
2	3675000	3725000	0.0475585885304176	0.385435609849862
2	10575000	10625000	0.0475187403362405	0.376238719920805
2	203425000	203475000	0.0474880178874684	0.381449357234967
2	132675000	132725000	0.0472274233585451	0.363764443864094
2	163975000	164025000	0.0472169950490545	0.388723385403146
2	153025000	153075000	0.0471527562335621	0.382940870822062
2	114125000	114175000	0.0470319779490214	0.368856330931195
2	65425000	65475000	0.0466089896883302	0.376165497056141
2	175875000	175925000	0.0464766122845073	0.38244270139834
2	24575000	24625000	0.0463168480198086	0.381826267613109
2	38075000	38125000	0.0462632050078458	0.381209937354444
2	201325000	201375000	0.0461772540317693	0.381727072142487
2	23975000	24025000	0.0458633963783385	0.385167812093944
2	180925000	180975000	0.0457457037531649	0.388376728140762
2	105875000	105925000	0.0455564851204069	0.382666559154316
2	222825000	222875000	0.0455509678377588	0.384922269551501
2	103075000	103125000	0.0454830810361957	0.382301815952628
2	178625000	178675000	0.0454572425698277	0.383989752862685
2	159725000	159775000	0.0454527635813474	0.381889443957808
2	121425000	121475000	0.0454404550001157	0.374780569035293
2	135725000	135775000	0.0454038827975887	0.385861846797392
2	173575000	173625000	0.0453946713807235	0.375515765455349
2	105025000	105075000	0.0452332197752726	0.385040140691411
2	124775000	124825000	0.045204157175208	0.38653749963906
2	86375000	86425000	0.0450774758377625	0.378926464478376
2	25025000	25075000	0.0449109566942426	0.377488567033152
2	55425000	55475000	0.0449044078507506	0.378755069893552
2	152875000	152925000	0.0448252567642046	0.380389062412936
2	86275000	86325000	0.0448102982411542	0.376781978489497
2	42275000	42325000	0.044749687491591	0.375903981967574
2	218925000	218975000	0.0446672037748452	0.374880077540096
2	36525000	36575000	0.0444269199477029	0.382727066889926
2	232675000	232725000	0.0444231716701971	0.378796422633302
2	28775000	28825000	0.0444114035752384	0.372417934191759
2	233375000	233425000	0.0444028946544526	0.383425031013042
2	10825000	10875000	0.0443073544984234	0.373230783559319
2	108925000	108975000	0.0442224645404154	0.379247643757553
2	20525000	20575000	0.0441909577583239	0.373466487259371
2	9925000	9975000	0.044079773458819	0.376319915481951
2	25775000	25825000	0.0440427531703447	0.378184294087291
2	44225000	44275000	0.0440367222539519	0.376473006099688
2	74825000	74875000	0.0439551947299033	0.376395021229443
2	182775000	182825000	0.0439297115897167	0.368468472753588
2	142875000	142925000	0.043861988428482	0.389282396156449
2	226475000	226525000	0.0436491644229513	0.386550401527773
2	231925000	231975000	0.0436311238154697	0.376433107355528
2	111825000	111875000	0.0435742457748036	0.373027433629932
2	129475000	129525000	0.0435596911942308	0.384505089137486
2	102425000	102475000	0.0430591346420524	0.377151989903486
2	98175000	98225000	0.0429835725475262	0.362631392187517
2	118525000	118575000	0.0429418241910151	0.384446903282566
2	231675000	231725000	0.0428571078652858	0.379673162557122
2	149225000	149275000	0.0428210624840867	0.377937713863931
2	96425000	96475000	0.042795938949138	0.370391476859816
2	73425000	73475000	0.0427936579348442	0.375695980823275
2	147425000	147475000	0.042773741838353	0.38629672882081
2	26375000	26425000	0.0427120832720924	0.379826948799959
2	44575000	44625000	0.0426429858864935	0.376232650057533
2	108775000	108825000	0.0425655616862248	0.378489597632168
2	9575000	9625000	0.0425272938363357	0.373587233691959
2	219025000	219075000	0.0423611134143745	0.374448030255671
2	134825000	134875000	0.0423291050261053	0.379655306453543
2	63775000	63825000	0.0420105389968546	0.37358013634848
2	12825000	12875000	0.0419865781480064	0.37640467795917
2	183525000	183575000	0.0419416744087042	0.375338593204539
2	97025000	97075000	0.0416951796441302	0.372198558735318
2	106575000	106625000	0.0415393521111619	0.365319847727513
2	114475000	114525000	0.04150937707838	0.371558281163241
2	210175000	210225000	0.0413756457005913	0.374241365253082
2	184075000	184125000	0.0413321615120803	0.386202954601559
2	179325000	179375000	0.0413067034064136	0.380070185620174
2	239175000	239225000	0.0412933060700731	0.378791995499388
2	127775000	127825000	0.041284771664414	0.377400009694282
2	119575000	119625000	0.0412484562627661	0.380537292692229
2	182975000	183025000	0.0411840520308366	0.368084988563231
2	210425000	210475000	0.0411074875958066	0.373112497627625
2	169175000	169225000	0.040967665889476	0.379437174277099
2	17825000	17875000	0.0409372621762336	0.377205022008507
2	11925000	11975000	0.0407768373825595	0.383278708221515
2	172275000	172325000	0.0407588981655472	0.379647236307263
2	105475000	105525000	0.0407553287519377	0.378286865934833
2	168975000	169025000	0.0406275391895488	0.381928263604008
2	172375000	172425000	0.0406251509159191	0.379813813604322
2	107625000	107675000	0.0406218269246496	0.354084029048395
2	27575000	27625000	0.0405768515297335	0.373580064355068
2	102825000	102875000	0.0405107281811353	0.374462283959742
2	150425000	150475000	0.0404256200124461	0.385038278526872
2	85225000	85275000	0.0403490817926985	0.370973771647406
2	103425000	103475000	0.0403008396896795	0.381133625399067
2	198625000	198675000	0.0402278699012761	0.384747567834508
2	208575000	208625000	0.040160574377362	0.372387075944474
2	235425000	235475000	0.0399921104731861	0.376880144916233
2	39225000	39275000	0.0397626867416735	0.36790644587291
2	112625000	112675000	0.03974528920775	0.374096544677513
2	119925000	119975000	0.0397165252550963	0.377535521119324
2	42575000	42625000	0.0396992817671218	0.370184859836189
2	161825000	161875000	0.0396054023375432	0.382225998811588
2	64525000	64575000	0.0394905807408871	0.374649234370217
2	122725000	122775000	0.0394819917920403	0.36726549522202
2	241375000	241425000	0.0393667224645926	0.373991815229185
2	224825000	224875000	0.0393574093259296	0.376228051337136
2	85125000	85175000	0.0393207018707945	0.372024130124128
2	162975000	163025000	0.0392626413021467	0.379029962799455
2	191875000	191925000	0.0391338451900138	0.378554629559036
2	29175000	29225000	0.0390783367818344	0.368993107394087
2	48625000	48675000	0.0390167626297503	0.373410242067357
2	120425000	120475000	0.0390117735583784	0.374004475479589
2	189375000	189425000	0.0387975754549384	0.381604666058693
2	200325000	200375000	0.0387644067127273	0.381557929783472
2	73075000	73125000	0.0387126647862334	0.373948501569849
2	7825000	7875000	0.0386795162810149	0.36261745366824
2	28675000	28725000	0.0386619773893818	0.371841633967619
2	109425000	109475000	0.0384660279619807	0.37206137660632
2	128225000	128275000	0.0383189649078107	0.370722177316334
2	54925000	54975000	0.0381862053029176	0.374303163256969
2	225875000	225925000	0.0380952019292618	0.372541375159248
2	240925000	240975000	0.0380730133974558	0.372982231705507
2	162775000	162825000	0.0379857283103854	0.376782152384957
2	64075000	64125000	0.0379685713030105	0.36764294217142
2	112775000	112825000	0.0379030839508269	0.372235324402625
2	58775000	58825000	0.0379005432293968	0.378872093769222
2	162425000	162475000	0.0378764515497023	0.379044316428961
2	75125000	75175000	0.0375542911945057	0.372199945026105
2	160825000	160875000	0.0375320297754499	0.378332944369906
2	7525000	7575000	0.037412027112313	0.360102041680863
2	16025000	16075000	0.0373894016622248	0.369911857098227
2	32725000	32775000	0.0372268498627591	0.377590869902771
2	25175000	25225000	0.03722514804871	0.368768447194381
2	217975000	218025000	0.0371867454350038	0.365771907169268
2	197125000	197175000	0.0367761509883398	0.363620153283287
2	158575000	158625000	0.0367280568976835	0.373779902014054
2	25425000	25475000	0.0365900085650155	0.368430101685224
2	106125000	106175000	0.0365106167541993	0.374234914505107
2	239925000	239975000	0.0364786404065982	0.376334658156652
2	136475000	136525000	0.0359011559977889	0.377254046995233
2	86925000	86975000	0.0358780877949893	0.368827936373824
2	174225000	174275000	0.0358716694413231	0.373989417045665
2	203675000	203725000	0.0355515222787504	0.370045462305657
2	58975000	59025000	0.0354543752765379	0.376083409169705
2	46825000	46875000	0.035440621604711	0.366934069606708
2	54725000	54775000	0.0354119679994409	0.37212476314371
2	74325000	74375000	0.0353620267492952	0.37159007754084
2	242525000	242575000	0.0353054927181055	0.370621650896404
2	240325000	240375000	0.0352507875199217	0.370538839885919
2	155225000	155275000	0.0351972101933193	0.381064035510315
2	169575000	169625000	0.035171110037087	0.372345811034924
2	127925000	127975000	0.0351531984405342	0.368514673455525
2	27225000	27275000	0.0350401799158376	0.373052341815869
2	158325000	158375000	0.0349214034721417	0.368222663684426
2	18575000	18625000	0.0349054082667402	0.375069124887455
2	122925000	122975000	0.0348993253041051	0.366618681713252
2	65275000	65325000	0.0347860554044462	0.364635033533522
2	29425000	29475000	0.0347666483075788	0.371402324987827
2	199125000	199175000	0.0347252547920101	0.376803629997075
2	84675000	84725000	0.0345800195856007	0.375325575698448
2	213725000	213775000	0.0343982784279714	0.369647627588467
2	102025000	102075000	0.0342533393169602	0.367974071322394
2	231475000	231525000	0.0342512259855289	0.370992745989826
2	191175000	191225000	0.0342188519771436	0.371775890477806
2	69925000	69975000	0.0341965545417578	0.367868294481155
2	44675000	44725000	0.0340809989567281	0.367981158445283
2	75825000	75875000	0.0339448832520165	0.37901612952947
2	170775000	170825000	0.0339446145146921	0.373349218278864
2	101825000	101875000	0.0339265370600371	0.365785860237052
2	57925000	57975000	0.0339084852778154	0.371593645925537
2	99675000	99725000	0.033768709958203	0.369269888190443
2	118775000	118825000	0.0336831840065111	0.375459829965297
2	167375000	167425000	0.0336454498541888	0.380220780514221
2	97475000	97525000	0.0336379097217974	0.36805015942181
2	36975000	37025000	0.0335958981671698	0.375330626388324
2	40425000	40475000	0.0335526711627023	0.369942816634235
2	152425000	152475000	0.0333310330960429	0.369985997409649
2	109725000	109775000	0.033305321255192	0.366445549461824
2	165825000	165875000	0.0331920856053234	0.374447078772323
2	134575000	134625000	0.0331742057785852	0.374588321023788
2	120225000	120275000	0.0330869848643748	0.369210204362792
2	99425000	99475000	0.032950948647497	0.365965852119175
2	223125000	223175000	0.0329111110418287	0.369034890384784
2	3975000	4025000	0.0328668462948442	0.373789345207566
2	33575000	33625000	0.03286477685127	0.366594236895246
2	58675000	58725000	0.0328627442760767	0.37453338340451
2	170625000	170675000	0.0328604062986961	0.364707433953273
2	101175000	101225000	0.0327610650906662	0.370752700519985
2	192675000	192725000	0.0327573735597353	0.365110732192703
2	70825000	70875000	0.0326439617759184	0.367176074794243
2	68875000	68925000	0.0326436259332873	0.365582233205203
2	79175000	79225000	0.0326032192972043	0.377011703988501
2	188425000	188475000	0.0325521487568751	0.371891559439728
2	196775000	196825000	0.0324228948591303	0.367270901106247
2	197625000	197675000	0.0324059352749028	0.375104997491923
2	120925000	120975000	0.0323012385799242	0.364467646558119
2	190475000	190525000	0.0322146421856178	0.371231596270553
2	227975000	228025000	0.0321067630247692	0.374270833355788
2	131825000	131875000	0.0321006186225504	0.36048515609233
2	85925000	85975000	0.032089972750307	0.357772342208788
2	71175000	71225000	0.0320328840434597	0.373727174465624
2	234125000	234175000	0.0320010115384679	0.373606572735656
2	232425000	232475000	0.0319217966822646	0.362133298520891
2	1825000	1875000	0.0319044369275872	0.371799160109143
2	8125000	8175000	0.0318449853847163	0.357030845590617
2	42675000	42725000	0.0318251066467933	0.362087779246888
2	15025000	15075000	0.03181467016822	0.374599676258977
2	44075000	44125000	0.0317919648146263	0.363695858970091
2	226725000	226775000	0.0316533018289575	0.37272690558748
2	61725000	61775000	0.0315731618039152	0.362582938329735
2	189925000	189975000	0.0314366933890379	0.369402028665666
2	217325000	217375000	0.0312870524973067	0.364189375533648
2	31375000	31425000	0.0312747514468777	0.369021669492653
2	207025000	207075000	0.0312463432334829	0.367759944368617
2	54025000	54075000	0.0311483820095022	0.372758323476663
2	183875000	183925000	0.0310313442190573	0.371051015924911
2	138825000	138875000	0.0310297869716702	0.364509872972301
2	218325000	218375000	0.0308944345180751	0.358961879497241
2	74625000	74675000	0.0308908468550122	0.364845963071354
2	8425000	8475000	0.030829256010856	0.357263039035432
2	675000	725000	0.0307565264654137	0.375537964922536
2	190925000	190975000	0.0307364954338774	0.37031790189372
2	202225000	202275000	0.030712562434408	0.362321752411077
2	63275000	63325000	0.030692563400476	0.369325116699218
2	60325000	60375000	0.0306260581054733	0.371514235108554
2	173425000	173475000	0.0305441474342606	0.35964802212463
2	103325000	103375000	0.0304656123990088	0.370151526453266
2	240025000	240075000	0.0304019208004779	0.368037094868161
2	61875000	61925000	0.030365792525568	0.362421774826124
2	17525000	17575000	0.0303184672312142	0.363210951205536
2	236475000	236525000	0.0301445788521648	0.368105530097898
2	26675000	26725000	0.0299939591912001	0.367137465320728
2	136575000	136625000	0.0299657439670194	0.37072617283077
2	227675000	227725000	0.0299303448406781	0.371014313538035
2	79725000	79775000	0.029796016036774	0.367408951917707
2	209625000	209675000	0.0297358080363028	0.361465755785216
2	101925000	101975000	0.0296871977414979	0.362477225332722
2	176175000	176225000	0.0296232520972931	0.371150148593406
2	72975000	73025000	0.0295592181622114	0.367291553430306
2	194525000	194575000	0.0295216961788097	0.371746490299992
2	207825000	207875000	0.0295038249959888	0.370735989943324
2	37575000	37625000	0.0294766061273217	0.373182625395473
2	233675000	233725000	0.0294724003010147	0.369286228317144
2	56375000	56425000	0.0294651907760654	0.369212975917524
2	152325000	152375000	0.0294405766754622	0.366534030190615
2	166225000	166275000	0.0293987621833524	0.370841169818188
2	32975000	33025000	0.0293755174497978	0.369163064082259
2	132425000	132475000	0.0293251072380887	0.356649325639131
2	204025000	204075000	0.0292819068643987	0.364072258839514
2	191625000	191675000	0.029248192041929	0.369240289121081
2	72375000	72425000	0.0292040894191074	0.370723653025414
2	239025000	239075000	0.0291467728922282	0.364145538131035
2	154325000	154375000	0.0290778946982003	0.371236552676903
2	36875000	36925000	0.0290684178368005	0.369595239993834
2	32025000	32075000	0.0290585223091778	0.369890020499273
2	102575000	102625000	0.0288211719938589	0.361797063075979
2	97225000	97275000	0.0287445724861073	0.363198871211321
2	109325000	109375000	0.0287374042935122	0.362484459750421
2	222425000	222475000	0.0287119848967523	0.37241331643821
2	55075000	55125000	0.0287012728883804	0.364115988684454
2	159275000	159325000	0.0286441628374491	0.367527583969883
2	238275000	238325000	0.0286277674229038	0.364660102729447
2	88825000	88875000	0.0285794211107183	0.361996612081049
2	188675000	188725000	0.0285340037282487	0.370136823339079
2	144025000	144075000	0.0284738204996331	0.374316575741272
2	177475000	177525000	0.0284612258453975	0.363612182938836
2	75925000	75975000	0.0284436367308	0.373764394080186
2	86575000	86625000	0.0284356029598726	0.364406375116839
2	161175000	161225000	0.0283743866847874	0.368969936317099
2	40775000	40825000	0.0283487396017411	0.368527587116833
2	16375000	16425000	0.0283380682554686	0.357576817071994
2	185425000	185475000	0.0282452883548845	0.376006233504261
2	174925000	174975000	0.0281784067870027	0.36318266507853
2	74425000	74475000	0.0281412948430451	0.363611700776189
2	139125000	139175000	0.0281099413283261	0.367588132014844
2	233175000	233225000	0.028009337844953	0.366503679765182
2	129075000	129125000	0.0279599518804897	0.367699079352251
2	1525000	1575000	0.0278969363463404	0.369066454817174
2	241075000	241125000	0.0278738477398709	0.362688357533436
2	66225000	66275000	0.0278427722890803	0.35504996146055
2	56275000	56325000	0.0277213868680744	0.364596741933581
2	109175000	109225000	0.0277046299982859	0.361679245674049
2	173825000	173875000	0.0276780828358058	0.359494542550857
2	238375000	238425000	0.0275588819257765	0.363002301522612
2	59475000	59525000	0.0275528542679158	0.369964747870828
2	98675000	98725000	0.0275248818437719	0.351594898974112
2	86675000	86725000	0.027418664687605	0.362001078700464
2	107825000	107875000	0.0274100731983205	0.35683001020738
2	219975000	220025000	0.0273434412736571	0.362323279680594
2	237075000	237125000	0.027313100618205	0.369151843808479
2	84525000	84575000	0.0273002933149886	0.369195664624321
2	238475000	238525000	0.0272301587231709	0.362084662610299
2	219525000	219575000	0.0271578571635224	0.366274728687891
2	130675000	130725000	0.027139505275539	0.364903001412904
2	224525000	224575000	0.0270785019019574	0.36824732246933
2	197925000	197975000	0.0270762859122534	0.365546407265017
2	123175000	123225000	0.0270684180326866	0.368109969312376
2	49125000	49175000	0.0270256348733693	0.367736164346307
2	111525000	111575000	0.0270144316133749	0.356768140797925
2	41625000	41675000	0.026973893316324	0.366398645040215
2	193025000	193075000	0.0269112551941407	0.367769647476413
2	17375000	17425000	0.0268090094929387	0.358013855538285
2	235775000	235825000	0.0267737255114599	0.357337798129365
2	165525000	165575000	0.0267074928326145	0.369980254809084
2	74025000	74075000	0.0266211995031121	0.366662824827669
2	174075000	174125000	0.0265944474618334	0.361541753963155
2	219125000	219175000	0.0264498323351867	0.360410792252528
2	232075000	232125000	0.0264073810498039	0.355158026094315
2	21225000	21275000	0.0263283722396273	0.368419593107868
2	166725000	166775000	0.0262629111047166	0.370097916484694
2	207525000	207575000	0.026246047517908	0.366460155678222
2	133075000	133125000	0.0261315862657454	0.362889980094165
2	192025000	192075000	0.0260752864867156	0.363997670784991
2	190625000	190675000	0.0260726453311907	0.365979135991333
2	100825000	100875000	0.0260531155009209	0.368539397899839
2	31875000	31925000	0.0260402119370528	0.366070946780617
2	123075000	123125000	0.0257761594358802	0.363088832767352
2	32375000	32425000	0.0257445369295806	0.366915619740164
2	11775000	11825000	0.0256762445044403	0.364251066432937
2	15275000	15325000	0.025662116577037	0.365612433638505
2	132175000	132225000	0.0255738633700436	0.355992500895736
2	20275000	20325000	0.0254849719282434	0.353851139586931
2	33225000	33275000	0.0254087700450316	0.363217478146832
2	157175000	157225000	0.0253433664912153	0.366446301567174
2	118925000	118975000	0.025133274462136	0.366443456134174
2	31575000	31625000	0.0251282286114112	0.363557436761916
2	180575000	180625000	0.0250105590061795	0.366305730052992
2	17225000	17275000	0.0249208733476639	0.354438081464034
2	191525000	191575000	0.0248252090985059	0.363890218817041
2	58125000	58175000	0.0248251646844856	0.363951730584306
2	69725000	69775000	0.0247795977876966	0.358593399741636
2	142325000	142375000	0.0247477538568746	0.37102877807227
2	231025000	231075000	0.0247476350631815	0.361321452020517
2	100975000	101025000	0.0247468720730623	0.365306877199295
2	228725000	228775000	0.0246869188564532	0.3711155746908
2	234825000	234875000	0.0246858059959045	0.3686570988757
2	26075000	26125000	0.024653300999325	0.360767511456331
2	217225000	217275000	0.0246264108132283	0.361032340250778
2	241625000	241675000	0.0245936039292635	0.361046853083977
2	233875000	233925000	0.0244693949085738	0.364811017363063
2	163175000	163225000	0.0244187227062275	0.367482948080257
2	24375000	24425000	0.0243840904785022	0.361158508779238
2	182125000	182175000	0.0243700385063051	0.358887314124777
2	230875000	230925000	0.0241936166760165	0.360711532617699
2	127525000	127575000	0.0241599931266733	0.364864836181336
2	194825000	194875000	0.0241404401291053	0.366561687077146
2	206525000	206575000	0.0240340407401711	0.364874404389658
2	105675000	105725000	0.0240165057644557	0.361337311372858
2	162125000	162175000	0.0239917605637028	0.366539140115095
2	208475000	208525000	0.0239444871158942	0.357741048347526
2	77125000	77175000	0.0239426792538184	0.368929214247368
2	241725000	241775000	0.0238194038614977	0.362195517920819
2	187525000	187575000	0.0238187230655845	0.357508912857348
2	178175000	178225000	0.0237974424113337	0.359041219882492
2	70975000	71025000	0.0237724622145068	0.363766125987977
2	39725000	39775000	0.0237040539995308	0.353472023748032
2	71375000	71425000	0.0236940636596387	0.361507539705665
2	36175000	36225000	0.0236542346514577	0.365604135876431
2	177275000	177325000	0.0234346716116765	0.358911213133924
2	215675000	215725000	0.023412448989715	0.366849044705133
2	242275000	242325000	0.0233642763972585	0.361557803613157
2	219225000	219275000	0.0232733950577007	0.358774075094351
2	180275000	180325000	0.0231691189444851	0.363319272842054
2	237225000	237275000	0.0231248565499577	0.366586372660832
2	178275000	178325000	0.0229986423098637	0.360544359323718
2	207125000	207175000	0.0229185135712042	0.360172216111374
2	140475000	140525000	0.0228309169450246	0.369963679417049
2	8625000	8675000	0.0228049664931638	0.350070698063523
2	36075000	36125000	0.0227213550183567	0.366338285662349
2	211475000	211525000	0.0226991525515335	0.362573027527948
2	40975000	41025000	0.0226901613432202	0.365071894920834
2	197325000	197375000	0.0226785409357074	0.355864567199484
2	19575000	19625000	0.0226392951450481	0.366711326739992
2	219675000	219725000	0.0226370889044597	0.362196153265686
2	99925000	99975000	0.0226352109651657	0.360622663957968
2	128425000	128475000	0.0225751201955832	0.360405175430843
2	10375000	10425000	0.0225708750092455	0.352084750991808
2	164175000	164225000	0.0225352289523983	0.361833352802762
2	209775000	209825000	0.0225297090761236	0.354569412771467
2	195675000	195725000	0.0225092104131768	0.365324319372575
2	128025000	128075000	0.0223754068169625	0.353901039822035
2	72775000	72825000	0.0223352151866774	0.365060547423731
2	211875000	211925000	0.0223115621121453	0.368686413099361
2	73825000	73875000	0.022205279896836	0.365302834896003
2	209975000	210025000	0.0221921675661202	0.354644879190037
2	216275000	216325000	0.0221801729993927	0.363712702301256
2	152625000	152675000	0.0221492060812879	0.357927191991799
2	160525000	160575000	0.0220560563995011	0.363032998104366
2	24275000	24325000	0.0220495290903572	0.35945644674481
2	204875000	204925000	0.0220170478968086	0.36240216821025
2	209525000	209575000	0.0219788807229924	0.353502324507619
2	145225000	145275000	0.0219086210806408	0.366725653541918
2	27025000	27075000	0.0218635023215285	0.361273293057983
2	159975000	160025000	0.0217707141295115	0.363410801243933
2	191375000	191425000	0.0216997673777111	0.359374146055319
2	234325000	234375000	0.0216302020862963	0.364569151981511
2	167025000	167075000	0.0216293819428824	0.366817712239138
2	193875000	193925000	0.0216164145466267	0.368104485254531
2	147775000	147825000	0.0215826857260902	0.364242559305202
2	169975000	170025000	0.0215718584907876	0.35851952870946
2	70275000	70325000	0.0215502484559384	0.349119212611222
2	165425000	165475000	0.0215042661420192	0.365449617721646
2	165325000	165375000	0.0214521777881108	0.366070118970894
2	164925000	164975000	0.021342639602093	0.366309109269313
2	55225000	55275000	0.0212531750611261	0.355965648699222
2	183225000	183275000	0.0212517189987917	0.351105374741841
2	159025000	159075000	0.0210652532459611	0.360509383006737
2	43325000	43375000	0.0210329923389905	0.350158902469968
2	96825000	96875000	0.0209960301236687	0.34754848958083
2	239375000	239425000	0.0209390806449253	0.361771002328251
2	216075000	216125000	0.0209174653725732	0.364628001908034
2	207625000	207675000	0.0208423205800519	0.361796530145401
2	157725000	157775000	0.0208044145372906	0.356215238357378
2	204775000	204825000	0.0207693094056559	0.359986427091078
2	174725000	174775000	0.0206984310624292	0.357445061592232
2	18925000	18975000	0.0206725015808103	0.36070944573165
2	128625000	128675000	0.0206717775358052	0.363928675597802
2	172525000	172575000	0.0206680442086585	0.359294140144808
2	198025000	198075000	0.0206030478393127	0.353082863298156
2	50325000	50375000	0.0205813390628994	0.364846923237184
2	67175000	67225000	0.0205250139565089	0.356939513353373
2	148925000	148975000	0.0205240026577505	0.35516202182331
2	136225000	136275000	0.0205102471181614	0.362454561283116
2	149525000	149575000	0.0204692491583221	0.35606453275245
2	195375000	195425000	0.0204684014059034	0.365913562322972
2	104575000	104625000	0.020466165172968	0.366150945203614
2	213625000	213675000	0.0203873490554002	0.357761332322515
2	95975000	96025000	0.0203396135716071	0.341436842145903
2	177675000	177725000	0.020173817382028	0.354999190046658
2	77875000	77925000	0.0201627359681504	0.367552493888796
2	61575000	61625000	0.0201565152999704	0.350120086051055
2	58375000	58425000	0.0200860395340806	0.361014361999024
2	113025000	113075000	0.020033974813818	0.348661886532078
2	120575000	120625000	0.0200138981906302	0.354158711928936
2	207225000	207275000	0.0199563241285208	0.357950128073727
2	18025000	18075000	0.0198935891536128	0.358411532891187
2	205125000	205175000	0.0198873905105894	0.363192517394079
2	186625000	186675000	0.0198822964089059	0.36820690545003
2	103775000	103825000	0.0198064741607415	0.363967129748323
2	196325000	196375000	0.0197947056476762	0.349921844496472
2	179975000	180025000	0.0197714668022984	0.361774933155398
2	79425000	79475000	0.0197689293994219	0.361088528267826
2	133925000	133975000	0.0196237480698871	0.368263616239313
2	126475000	126525000	0.0196152344626122	0.369790683875201
2	41125000	41175000	0.0195277863239132	0.363646989747375
2	211275000	211325000	0.0194552515054754	0.354339602016396
2	34275000	34325000	0.0194418300545823	0.365347496048414
2	124275000	124325000	0.0194283148698318	0.361877755901924
2	242125000	242175000	0.019306400016682	0.35922634865514
2	214625000	214675000	0.0192515318254885	0.36395577848147
2	124425000	124475000	0.0191571094571831	0.359462024612977
2	176525000	176575000	0.0191449544201643	0.361305612021567
2	56975000	57025000	0.0191337955220374	0.36267064604859
2	49825000	49875000	0.019083049828669	0.366103961379759
2	4825000	4875000	0.0190704120301944	0.366702733752059
2	57575000	57625000	0.0189564828314737	0.355095981582354
2	230125000	230175000	0.0189348785482267	0.359959258138045
2	164475000	164525000	0.0189037104556629	0.359871343552519
2	107925000	107975000	0.0189000931567747	0.356298897608491
2	66075000	66125000	0.0188772759707088	0.346559122242581
2	228175000	228225000	0.0188753719423407	0.361759510029134
2	133275000	133325000	0.0188084644938979	0.361551193857449
2	3325000	3375000	0.0187674254820806	0.359214145304405
2	186025000	186075000	0.0187093702705743	0.36837257994918
2	275000	325000	0.0187066069556752	0.368504721393095
2	185825000	185875000	0.0185800392391929	0.364871261011346
2	76775000	76825000	0.0185786659553686	0.363397285931505
2	160075000	160125000	0.0185560643575172	0.364027569409243
2	217025000	217075000	0.0185299141315821	0.358001746131202
2	115325000	115375000	0.0185243546770266	0.365226267637306
2	212575000	212625000	0.01844999180285	0.366057171458422
2	229525000	229575000	0.0183965407844967	0.365944755161891
2	145625000	145675000	0.0183641327239296	0.363569011660408
2	210625000	210675000	0.0183542886478215	0.348018367745435
2	19025000	19075000	0.0183315981864433	0.358514279175332
2	115925000	115975000	0.0182010177447639	0.366387159451736
2	134275000	134325000	0.0181836658991621	0.36406654422134
2	219825000	219875000	0.0180979488912105	0.355367400275292
2	75275000	75325000	0.0180954545239402	0.358322783928832
2	35625000	35675000	0.0180684821200996	0.36674589723202
2	200525000	200575000	0.017926954978297	0.354015210243002
2	153975000	154025000	0.017904872494212	0.358283639225806
2	172625000	172675000	0.017903310565409	0.354803623903681
2	138175000	138225000	0.0178877856289866	0.358433480511388
2	118225000	118275000	0.0178562359387385	0.358893853664043
2	186125000	186175000	0.0178266209524513	0.369175824584283
2	18375000	18425000	0.0178126200832989	0.358321714430963
2	41475000	41525000	0.0177458128283658	0.359365351401058
2	185075000	185125000	0.0177016542168038	0.367351142848212
2	118125000	118175000	0.0176891431442438	0.36148199390697
2	16275000	16325000	0.0176238518071628	0.347800802514967
2	83425000	83475000	0.0174740033040598	0.368059795819956
2	194075000	194125000	0.0174689850381758	0.362092150661629
2	241975000	242025000	0.0174242617090463	0.359070631770064
2	204625000	204675000	0.0173352790812868	0.35480039282468
2	63525000	63575000	0.0173345651768635	0.354281320281431
2	67475000	67525000	0.0173151912088452	0.360922690979089
2	59225000	59275000	0.0172665834800014	0.358787047228041
2	128925000	128975000	0.0172644014376353	0.358831459395742
2	137675000	137725000	0.0171031467614612	0.363247247079922
2	149625000	149675000	0.0170309159897271	0.352785743655283
2	24825000	24875000	0.0169903150847601	0.350918486293767
2	4375000	4425000	0.0169451335764251	0.362894543762877
2	179575000	179625000	0.0169164553074776	0.361459670520984
2	233275000	233325000	0.0168408736741364	0.355599112813545
2	139925000	139975000	0.0167584393559252	0.361757422083441
2	240625000	240675000	0.0167457017234205	0.351844337060445
2	232975000	233025000	0.0166940443207963	0.354660591802665
2	21325000	21375000	0.0166080056827725	0.360349159513874
2	19275000	19325000	0.0165718988250953	0.357560035908647
2	128775000	128825000	0.0164962018999605	0.359891190344412
2	57325000	57375000	0.0164913353832263	0.355713064040637
2	138975000	139025000	0.0164259795600969	0.352905117903671
2	116275000	116325000	0.0163897675575901	0.363141303506475
2	37325000	37375000	0.0163656172156912	0.362328016661268
2	33475000	33525000	0.0163474336725033	0.351242393161572
2	226125000	226175000	0.0162620639673868	0.356906468792295
2	59825000	59875000	0.0162093502020637	0.359110149250731
2	176025000	176075000	0.0161915622586128	0.354938055063586
2	71475000	71525000	0.0161738683021781	0.352046937160135
2	83975000	84025000	0.0161525010679707	0.364485743982904
2	21525000	21575000	0.0161495805044091	0.362028621000854
2	175425000	175475000	0.0161181441247963	0.349540042019856
2	215875000	215925000	0.0161085660924384	0.360453791432417
2	26925000	26975000	0.015997335022886	0.353908998511016
2	227075000	227125000	0.0159438717964937	0.359416484853167
2	1175000	1225000	0.0159325991945759	0.358589378836234
2	28325000	28375000	0.0158752396281516	0.358189826453869
2	201125000	201175000	0.0158575370417762	0.352900977737971
2	72125000	72175000	0.0157889830234248	0.354574987167687
2	67325000	67375000	0.0156486160074127	0.355659615590967
2	77775000	77825000	0.015629134450723	0.361608646630348
2	23375000	23425000	0.0155657764413496	0.359709781775578
2	163675000	163725000	0.0154953730124223	0.360735245083121
2	34175000	34225000	0.0153913909298301	0.35876533781139
2	116625000	116675000	0.0153706357547886	0.364024338390708
2	174575000	174625000	0.0153114176104845	0.353364827318995
2	153175000	153225000	0.0152766729851813	0.351289096513449
2	6475000	6525000	0.0152563765133924	0.358641186002243
2	97625000	97675000	0.0152340976814143	0.347628838539213
2	77575000	77625000	0.015231456836038	0.360433882566261
2	2075000	2125000	0.0152229662981552	0.357044015035523
2	117225000	117275000	0.015207975776562	0.366632335294935
2	194975000	195025000	0.0151925783498132	0.358438529107589
2	225325000	225375000	0.0151888193406906	0.342049318789609
2	206125000	206175000	0.0151758921664045	0.36108311973528
2	163575000	163625000	0.0151391887317302	0.361763915361636
2	57125000	57175000	0.0150768516643726	0.356764364247007
2	187075000	187125000	0.0150521774989139	0.358340006360595
2	171225000	171275000	0.0150102269617255	0.359234913541856
2	193575000	193625000	0.0150083806833668	0.362577352470025
2	60125000	60175000	0.0149905545218185	0.356683780343134
2	57425000	57475000	0.0149722607960173	0.352961097490816
2	130575000	130625000	0.0149202367633718	0.358388052421447
2	144275000	144325000	0.0149181324074608	0.368044654493075
2	156975000	157025000	0.014865883404457	0.359707849414177
2	214525000	214575000	0.0148255464957067	0.357844213330966
2	195925000	195975000	0.0147561013910768	0.351813284071467
2	142625000	142675000	0.0147438719375034	0.362740697208288
2	53275000	53325000	0.0147266863650581	0.362210145717495
2	205675000	205725000	0.0146350859055769	0.361774388240665
2	228475000	228525000	0.0146072024726953	0.3590183940272
2	171975000	172025000	0.014598445227576	0.352585809729233
2	95875000	95925000	0.0145852333567381	0.330008683142101
2	72025000	72075000	0.0144407454426345	0.352344323682465
2	106325000	106375000	0.0144079453975544	0.353676787944201
2	224175000	224225000	0.0143347331167617	0.355514070866375
2	138025000	138075000	0.014327896198392	0.357345857565448
2	32575000	32625000	0.0143111522114435	0.355021056295986
2	239675000	239725000	0.0142938076297332	0.356998161282863
2	160325000	160375000	0.0142614329701521	0.359416034242967
2	174425000	174475000	0.0142412568229381	0.353601445710156
2	144875000	144925000	0.0142134640336509	0.363651730291016
2	12475000	12525000	0.0141806988057094	0.356023863236382
2	168775000	168825000	0.0141264033538724	0.358730463346882
2	76375000	76425000	0.0140743341697626	0.359417234010117
2	62425000	62475000	0.0140479025485203	0.348035890971329
2	3075000	3125000	0.0139707487007296	0.359533015147453
2	127225000	127275000	0.0139552502756393	0.358616238293925
2	161325000	161375000	0.013904435714428	0.354935312640514
2	119275000	119325000	0.0138587255965826	0.354080490599542
2	124025000	124075000	0.0138252913833493	0.359848942209271
2	23175000	23225000	0.0138147283905053	0.359812460730658
2	80475000	80525000	0.0138052704093449	0.359601097282559
2	30625000	30675000	0.0137850962770124	0.350418655269967
2	140075000	140125000	0.0137309711968027	0.359311893854639
2	78475000	78525000	0.0136315966827771	0.366294618067351
2	123925000	123975000	0.0136121032628393	0.361065438006293
2	88475000	88525000	0.0135496726962351	0.351052850683919
2	184925000	184975000	0.0135330513793753	0.362526770189962
2	141625000	141675000	0.0135298302908007	0.364506550619346
2	31125000	31175000	0.0134793327274302	0.350855131088932
2	224075000	224125000	0.0134680109408511	0.352744058564773
2	22525000	22575000	0.0134219891088492	0.363766444766555
2	14025000	14075000	0.0133998401551524	0.363171961458031
2	229225000	229275000	0.0133998308221095	0.35992583799604
2	181375000	181425000	0.0133755408843505	0.357885187180468
2	207325000	207375000	0.0133191206782308	0.352053026028472
2	164325000	164375000	0.01327281384394	0.352907501417341
2	215425000	215475000	0.0132550886708795	0.359617629694896
2	45375000	45425000	0.0132371767039915	0.348928380030434
2	2475000	2525000	0.013186215029961	0.361516881189174
2	231275000	231325000	0.0131820644113651	0.349849049728124
2	81975000	82025000	0.013144113635545	0.364160641171717
2	164675000	164725000	0.0131255968502171	0.355870490645013
2	6675000	6725000	0.013114011485291	0.34897659459137
2	80275000	80325000	0.0130772574632939	0.356492635145454
2	126325000	126375000	0.0130717443900967	0.363703403227287
2	130125000	130175000	0.0129971564785937	0.35919648447925
2	220875000	220925000	0.0129918746541379	0.354998141559408
2	172775000	172825000	0.0129820243790643	0.347293663820519
2	205475000	205525000	0.0129804592423715	0.359078675822675
2	230275000	230325000	0.0129389689248814	0.35042977298555
2	154925000	154975000	0.0129116798197689	0.357542449357333
2	53575000	53625000	0.0129059913329595	0.358675063674794
2	34775000	34825000	0.0128355432003517	0.360954154411668
2	168075000	168125000	0.0127902794414928	0.363100172575472
2	49675000	49725000	0.0127840310520709	0.360631540816203
2	2175000	2225000	0.0127733776834104	0.35715814962123
2	227425000	227475000	0.0127636949065367	0.356320398674175
2	204525000	204575000	0.0127574840257198	0.349054595141094
2	221575000	221625000	0.0127079593177911	0.362018926366631
2	5525000	5575000	0.0127036125664695	0.363480277011134
2	143225000	143275000	0.0126113780321548	0.35256317605944
2	138425000	138475000	0.012480576317681	0.348905827058992
2	145925000	145975000	0.0124771709242459	0.360524100154667
2	30025000	30075000	0.0124715795475753	0.352503817433698
2	184825000	184875000	0.0124393987343149	0.361761736991294
2	35375000	35425000	0.0124385140082726	0.362254422611288
2	225725000	225775000	0.0123769004988658	0.343556635735673
2	176725000	176775000	0.0123459141487829	0.352359929164336
2	221225000	221275000	0.012340438663702	0.359154745527895
2	220375000	220425000	0.0123133227803562	0.347374560383613
2	6375000	6425000	0.0123103935447929	0.359456316225029
2	215525000	215575000	0.012249174457085	0.357035164123732
2	137525000	137575000	0.0122470677142764	0.35689971024821
2	23575000	23625000	0.0122283408860628	0.354410951848645
2	168675000	168725000	0.0122225267720467	0.358714314330188
2	5175000	5225000	0.0122206251905878	0.361193722012504
2	49525000	49575000	0.0121674430177395	0.358967038029988
2	14775000	14825000	0.0121290091102566	0.357748704230303
2	195275000	195325000	0.0121237198535715	0.357019078230817
2	52975000	53025000	0.0120471087648814	0.361244955127921
2	116525000	116575000	0.0120353867678831	0.359764267785207
2	154575000	154625000	0.0119974948214968	0.355186199283059
2	146525000	146575000	0.0119841828060004	0.362488712744737
2	104075000	104125000	0.0119451253222699	0.358174034045719
2	212825000	212875000	0.0119223664140164	0.359068759423604
2	48525000	48575000	0.0119190109441903	0.345354197223414
2	200025000	200075000	0.0119135051729171	0.359029144273516
2	154675000	154725000	0.011910635959291	0.355511359013996
2	212225000	212275000	0.0119048263778317	0.358895841699225
2	82675000	82725000	0.0118343482824796	0.363385719651316
2	154775000	154825000	0.0118266104436852	0.355839352091534
2	22025000	22075000	0.0117309958915027	0.362438650180662
2	145475000	145525000	0.0116661918265105	0.355450045616017
2	56825000	56875000	0.0115982919442768	0.356488518234141
2	82425000	82475000	0.0115610320791089	0.364349874411722
2	126925000	126975000	0.0115553024292367	0.358621054345016
2	213075000	213125000	0.0115335900920361	0.357405748983868
2	148125000	148175000	0.0115028948716723	0.356205758851247
2	37725000	37775000	0.0115009510303081	0.351742684056913
2	77975000	78025000	0.0114562339083601	0.360256237570027
2	231175000	231225000	0.0114055883609657	0.348035306333955
2	19175000	19225000	0.0113923371846473	0.351793623430609
2	134975000	135025000	0.0113850677572462	0.346258520894025
2	82525000	82575000	0.011361339283197	0.363624173492947
2	146225000	146275000	0.0113163156433541	0.361129795207862
2	142425000	142475000	0.0113118115101611	0.358485269551138
2	73275000	73325000	0.0113017803837447	0.341544620198401
2	129775000	129825000	0.0112838788863394	0.354654167625318
2	78825000	78875000	0.0112795995151057	0.359894221275206
2	229825000	229875000	0.0112288164005314	0.359320347048651
2	38275000	38325000	0.0112231156491875	0.343781466780606
2	171025000	171075000	0.0112181543275239	0.357267836436745
2	151475000	151525000	0.0111793303356675	0.359259071324136
2	116775000	116825000	0.0111469882878398	0.361187923351652
2	162275000	162325000	0.0110976986473615	0.353281895300057
2	4675000	4725000	0.0110945636052922	0.359515094132837
2	13925000	13975000	0.0110626726252158	0.360725343566943
2	145775000	145825000	0.0110251412940143	0.357651045377464
2	19925000	19975000	0.011019339347168	0.349661444773638
2	179125000	179175000	0.0110154717138238	0.345155167527788
2	47375000	47425000	0.0109996594443453	0.341637533711576
2	24125000	24175000	0.010980900776661	0.349336567461691
2	67875000	67925000	0.0109395803953218	0.354892931336478
2	83175000	83225000	0.0109101983618041	0.360618919498755
2	51025000	51075000	0.0108957437633984	0.355837290429502
2	140975000	141025000	0.0108924945186532	0.359965056758412
2	141525000	141575000	0.0108829170971728	0.362956791398722
2	198525000	198575000	0.0108364397708861	0.357535221660106
2	141925000	141975000	0.0108286939178992	0.358513952327433
2	125075000	125125000	0.0108016182273566	0.356894390467742
2	224275000	224325000	0.0107806996219282	0.353863327497233
2	50925000	50975000	0.010761615732817	0.353987517464608
2	156375000	156425000	0.0107490888380801	0.357213285462354
2	13625000	13675000	0.010745003636436	0.360395155113168
2	167775000	167825000	0.0107446543922147	0.358905128325134
2	188025000	188075000	0.0106663248597776	0.35303886600063
2	6125000	6175000	0.0106605388782078	0.359675742330819
2	127075000	127125000	0.0106588976786874	0.35652226764572
2	228875000	228925000	0.010624599975033	0.358263734377285
2	84175000	84225000	0.0106151924121399	0.356304407122515
2	120125000	120175000	0.0105912120122046	0.347279690299225
2	194275000	194325000	0.0105742904217371	0.353846169514381
2	54525000	54575000	0.0105671586406012	0.346854333913832
2	147025000	147075000	0.0105518317248833	0.358894876133631
2	68075000	68125000	0.0104990026946788	0.352086945431806
2	189625000	189675000	0.0104565673094069	0.351062860037195
2	49425000	49475000	0.0104418915661301	0.355918039088815
2	236325000	236375000	0.0104363091485337	0.350694437080457
2	51225000	51275000	0.0104113622024047	0.358784198737133
2	125275000	125325000	0.0104080706634602	0.359673796088201
2	36725000	36775000	0.0103665372346699	0.349081500295522
2	208025000	208075000	0.0103638835850702	0.350671756486305
2	214425000	214475000	0.0103422802264572	0.351675367240995
2	123475000	123525000	0.0103235873798432	0.357376630627369
2	13775000	13825000	0.010299817777864	0.359877271082479
2	181675000	181725000	0.0102981144773076	0.352799460604225
2	119125000	119175000	0.0102937671672758	0.350981996456983
2	77375000	77425000	0.0102929378722462	0.355399412163948
2	140675000	140725000	0.0102582260872303	0.358166908466348
2	78175000	78225000	0.0102248080943152	0.361301090292827
2	126625000	126675000	0.0101958550993464	0.359666370912618
2	34925000	34975000	0.0101904376570572	0.358585046518534
2	221425000	221475000	0.0101891486203583	0.358430118447206
2	118325000	118375000	0.0101644709656136	0.3501934877492
2	22325000	22375000	0.0100677592504546	0.361314807181005
2	115625000	115675000	0.0100618891674424	0.359477692952776
2	123575000	123625000	0.0100515252964202	0.357383351907619
2	2975000	3025000	0.0100113111067097	0.357619796203193
2	52675000	52725000	0.00998550324640141	0.360305973663254
2	80775000	80825000	0.00992958967665764	0.358572371608237
2	198375000	198425000	0.00992614052448415	0.353138549052866
2	36375000	36425000	0.00992018761403562	0.349409969474498
2	218725000	218775000	0.00991910791948286	0.337394876607108
2	83075000	83125000	0.00987630278212132	0.359633839033024
2	126075000	126125000	0.00985610011858934	0.361248107996783
2	51775000	51825000	0.00985155653609382	0.361003415848752
2	228325000	228375000	0.00982785894399613	0.35325204784762
2	27125000	27175000	0.00981625072531611	0.349259540932404
2	44975000	45025000	0.0097984349263513	0.344630080367452
2	12275000	12325000	0.00976644165257234	0.355852500151536
2	151775000	151825000	0.009765920252501	0.356482266945044
2	214825000	214875000	0.0097597131859945	0.35783511948342
2	150625000	150675000	0.00974864416231713	0.356170163465927
2	875000	925000	0.00971789297636316	0.3536494679073
2	75625000	75675000	0.00969903416633294	0.35427125829992
2	40625000	40675000	0.00969165209537781	0.34824677016323
2	222125000	222175000	0.00967285734868817	0.356621711260932
2	136025000	136075000	0.00967276406413692	0.351022538163031
2	179825000	179875000	0.00966440474764757	0.3540936921309
2	234975000	235025000	0.00961307538883061	0.352283281031661
2	59925000	59975000	0.00955698284938838	0.352055257488939
2	35075000	35125000	0.00952291596421478	0.358391291406204
2	239775000	239825000	0.00944722125005115	0.351733246756044
2	156675000	156725000	0.0093896385458041	0.356641863560589
2	129325000	129375000	0.00937509360916694	0.34910804615456
2	51575000	51625000	0.00937490138567115	0.360423983010099
2	103875000	103925000	0.00937242197996746	0.354222495279505
2	104275000	104325000	0.00932388345002649	0.356931627597387
2	221025000	221075000	0.00926173219856635	0.353493686212966
2	147125000	147175000	0.0091880802686316	0.355766653658044
2	115075000	115125000	0.00918556076579652	0.352044200285054
2	5675000	5725000	0.00916231834478276	0.35860097331043
2	81575000	81625000	0.00911377676551484	0.361851975027014
2	161575000	161625000	0.00908183052606537	0.351274370315926
2	148325000	148375000	0.00907897921888595	0.354949266284439
2	116425000	116475000	0.00907476368824472	0.355878823086974
2	81325000	81375000	0.00906997926087655	0.361621004864814
2	35225000	35275000	0.00906810337790454	0.358410245400407
2	130025000	130075000	0.00901248220902945	0.354403513277777
2	32225000	32275000	0.0090124254502183	0.350529392305333
2	133575000	133625000	0.00900174366604634	0.356253539799204
2	35875000	35925000	0.00899688377044344	0.355250402418857
2	45475000	45525000	0.00896121775734421	0.344198069631862
2	198975000	199025000	0.00890647522073423	0.350026427833894
2	151325000	151375000	0.00890359475713753	0.358641408488304
2	78625000	78675000	0.00888628714583672	0.359814280119922
2	78375000	78425000	0.00888030556916614	0.361688653359325
2	167925000	167975000	0.00887377885799656	0.357868821954848
2	189075000	189125000	0.00881985711997796	0.354267905174893
2	23075000	23125000	0.00875334417202367	0.355516438966556
2	125525000	125575000	0.00870796770106425	0.359831810250494
2	205825000	205875000	0.00868090305277924	0.356601019703957
2	82975000	83025000	0.00867122945302468	0.358877224483411
2	140825000	140875000	0.0086508573347101	0.357141479644148
2	229925000	229975000	0.0086235923679488	0.354359405996635
2	199425000	199475000	0.00862328360837117	0.353704336723546
2	76525000	76575000	0.00861317549169077	0.353669947540306
2	193225000	193275000	0.00859635981817064	0.354314771328617
2	137875000	137925000	0.0085814735859841	0.354071701437694
2	166525000	166575000	0.00857214606062856	0.351450112342549
2	12075000	12125000	0.00853666354410509	0.35416328663256
2	155475000	155525000	0.00844328242537074	0.356602557526519
2	193975000	194025000	0.00842873311392789	0.353984351279607
2	50075000	50125000	0.00838816136490322	0.354031409227591
2	108025000	108075000	0.00838115613697288	0.353758828031346
2	23275000	23325000	0.00838033901945956	0.353505041539511
2	212325000	212375000	0.00834012292866615	0.355507185202682
2	193425000	193475000	0.00825951510206424	0.355510709154138
2	100475000	100525000	0.00823156979422701	0.351695047329223
2	117775000	117825000	0.00822965366091516	0.360122743524086
2	130425000	130475000	0.00820734643072124	0.354756538353863
2	234625000	234675000	0.00819701152616692	0.35313604446842
2	14625000	14675000	0.00819582445046896	0.355516332988089
2	51925000	51975000	0.00819307428645744	0.359422016865289
2	108575000	108625000	0.00816491025124882	0.347080818050973
2	156775000	156825000	0.00812190055815526	0.355636801703111
2	135525000	135575000	0.00808890745134883	0.347952331385092
2	108325000	108375000	0.00807970265848196	0.355367670958103
2	126725000	126775000	0.00805124162157261	0.356720169469013
2	215125000	215175000	0.00802603575276084	0.357487804503931
2	227275000	227325000	0.00802383726159978	0.354413309977407
2	75475000	75525000	0.0080202579662485	0.352218215491935
2	142025000	142075000	0.00797411099673323	0.354562215433263
2	81675000	81725000	0.00793882439026772	0.360327128605733
2	163275000	163325000	0.00792227764035081	0.352634954952742
2	13375000	13425000	0.0078833186524796	0.353908784223548
2	184575000	184625000	0.00788177422041525	0.35701296261769
2	14275000	14325000	0.00785103005218163	0.357896777257939
2	104425000	104475000	0.00783563558138917	0.355479701983538
2	81425000	81475000	0.00780873723367559	0.360434631900638
2	100675000	100725000	0.00780084506549272	0.351509914370392
2	129925000	129975000	0.00779265142651175	0.352375385563352
2	192825000	192875000	0.00778337097388715	0.343781744027986
2	2575000	2625000	0.00776707663398774	0.356164615740345
2	114975000	115025000	0.00775891637889609	0.348525583159999
2	117675000	117725000	0.00773742358357615	0.359299593423112
2	199525000	199575000	0.00773369901789278	0.355625365980269
2	125875000	125925000	0.00771607020004439	0.359473740658669
2	52225000	52275000	0.00769673203290355	0.358599591615975
2	51425000	51475000	0.00765499431774097	0.358626992675995
2	126825000	126875000	0.00764670132607176	0.355514041207682
2	133475000	133525000	0.00757773687010993	0.353326510746732
2	76075000	76125000	0.00757593008653895	0.353270954043825
2	146875000	146925000	0.00754919268362469	0.357805216051262
2	215275000	215325000	0.00753878244216266	0.355858543915995
2	135875000	135925000	0.00752161788510214	0.348425486934451
2	215025000	215075000	0.00751724442185014	0.357740351357912
2	155575000	155625000	0.00751396178256958	0.357347658778156
2	163425000	163475000	0.00751178049720969	0.354697135717142
2	199875000	199925000	0.00750663028019072	0.355349380975916
2	150775000	150825000	0.00749608366159227	0.35527424855709
2	19825000	19875000	0.00745601922452233	0.349584061363078
2	143075000	143125000	0.00743413187352554	0.350793405567239
2	117025000	117075000	0.00740559052537165	0.358897281583222
2	227175000	227225000	0.00740467377023696	0.353451364143704
2	147225000	147275000	0.00738764302761657	0.352649310727904
2	211625000	211675000	0.00735599179908053	0.350972010124615
2	212975000	213025000	0.00733230926527018	0.353735446282879
2	144175000	144225000	0.00729888730363287	0.357511902651657
2	184325000	184375000	0.00728488830566332	0.355971752224312
2	21725000	21775000	0.00727872915528016	0.355295656317068
2	67675000	67725000	0.00727008345399405	0.353823953607772
2	48975000	49025000	0.00726642600309024	0.345395327555891
2	206275000	206325000	0.00720960188939601	0.351216755488501
2	22875000	22925000	0.00715104040169406	0.355444860104986
2	235125000	235175000	0.00712041774972222	0.348489536155588
2	146725000	146775000	0.00708502141881789	0.357786568605116
2	88575000	88625000	0.00708483516828895	0.343420588293872
2	168425000	168475000	0.00704845730119513	0.35713895762879
2	193775000	193825000	0.0070413541036265	0.354461877353756
2	150175000	150225000	0.00703479582787109	0.348941460891997
2	105225000	105275000	0.00702665446110728	0.34482160611212
2	181225000	181275000	0.00702246916096078	0.350879058790129
2	142125000	142175000	0.00697267126698387	0.35246362173051
2	21925000	21975000	0.00694766334410374	0.356844425735913
2	151675000	151725000	0.0069297555770077	0.353775108503281
2	212725000	212775000	0.00690745509686791	0.35447840383886
2	79075000	79125000	0.00689435556119977	0.352538394581654
2	82875000	82925000	0.00686453619881922	0.357518990008689
2	115525000	115575000	0.00674710706580461	0.355784087629909
2	205375000	205425000	0.00673220464831809	0.352309878351229
2	53075000	53125000	0.00670982934472586	0.355336213370898
2	134125000	134175000	0.00668111513972997	0.354580008248223
2	237625000	237675000	0.0066667335515499	0.349803517042109
2	237525000	237575000	0.00662428804616955	0.35100528646062
2	221125000	221175000	0.00661342873853421	0.35232917415902
2	59675000	59725000	0.00661261162424892	0.34973764911106
2	84875000	84925000	0.0066072058411305	0.344507480091029
2	236175000	236225000	0.00660320161725431	0.346531016005605
2	167175000	167225000	0.00657755838823215	0.352360317411821
2	82275000	82325000	0.00650728932139261	0.360085143838298
2	5775000	5825000	0.00649685830580854	0.355492329067613
2	184725000	184775000	0.00648415903953953	0.355881942123989
2	150875000	150925000	0.00644409398387885	0.355126689273968
2	116875000	116925000	0.00641370310919354	0.357164135278488
2	14525000	14575000	0.00633035288600059	0.354784737035336
2	221825000	221875000	0.00631563144217584	0.356512007725206
2	117925000	117975000	0.00629285290719461	0.355596169744762
2	142525000	142575000	0.00628289155148115	0.354348783418038
2	150075000	150125000	0.00626733064112378	0.346824647846837
2	1375000	1425000	0.00618803844900795	0.347994954564481
2	213225000	213275000	0.00618120937502586	0.351256901078193
2	234475000	234525000	0.00611157863257028	0.350050570051304
2	206625000	206675000	0.00607296770167692	0.345646615371317
2	155725000	155775000	0.00605162978410945	0.356102816386398
2	171525000	171575000	0.00603034418652709	0.347517537473022
2	208125000	208175000	0.00602502536992611	0.345316795427376
2	108125000	108175000	0.00600767383641759	0.355378248904343
2	151025000	151075000	0.00599271152907299	0.35603195241105
2	141225000	141275000	0.00596099623366364	0.357241539640133
2	135375000	135425000	0.00590037069187443	0.344777739151652
2	187875000	187925000	0.0058261326543011	0.3491417658186
2	6275000	6325000	0.00580381348319786	0.354827473803297
2	28175000	28225000	0.00576859518756034	0.349114612991957
2	52525000	52575000	0.00569600888352895	0.355986028370497
2	56625000	56675000	0.00558227131408096	0.350954432806744
2	81775000	81825000	0.00556096160754316	0.357174608667918
2	186375000	186425000	0.00554398316937282	0.355603887770899
2	117425000	117475000	0.00554164384788586	0.356546779585374
2	73675000	73725000	0.00553916841656743	0.348210822095033
2	80925000	80975000	0.00553117919435347	0.355597438655116
2	475000	525000	0.00552843880426906	0.351159740787577
2	45975000	46025000	0.00550685914241389	0.338471953757307
2	81125000	81175000	0.00540533710955909	0.357369566609233
2	5875000	5925000	0.00538014168349349	0.354381250356957
2	80675000	80725000	0.00535183706899028	0.353045633981115
2	188975000	189025000	0.00530399497636858	0.35163236218167
2	136875000	136925000	0.0052905737881016	0.344273616250771
2	29875000	29925000	0.00527265869921112	0.349371590910193
2	22975000	23025000	0.0052673706487823	0.352795827897695
2	184425000	184475000	0.00521966415864961	0.354084257868748
2	160225000	160275000	0.00520776146158053	0.353127910545205
2	185275000	185325000	0.00519548112668339	0.356587709738816
2	125675000	125725000	0.00514166352833562	0.356537146610278
2	221925000	221975000	0.00508846215455871	0.35420233098066
2	151125000	151175000	0.00507257616325824	0.356016247439827
2	155925000	155975000	0.00499297216162098	0.353804716082876
2	151875000	151925000	0.00499005623626664	0.350370377489344
2	123775000	123825000	0.00497961401263863	0.352869007351185
2	46425000	46475000	0.00497110297489689	0.337086786420361
2	22225000	22275000	0.0048558113743401	0.356554155441312
2	29625000	29675000	0.00478999542157771	0.34723960643362
2	81025000	81075000	0.00474457899538233	0.3557598234756
2	148475000	148525000	0.00463173312407333	0.349588791293314
2	81875000	81925000	0.00459787657959454	0.355436866484878
2	144425000	144475000	0.00457075808575685	0.359950610652377
2	186875000	186925000	0.00456741071935807	0.353305741585958
2	5375000	5425000	0.00454629176424315	0.356660965687925
2	229675000	229725000	0.00441400342840725	0.354136492773421
2	100325000	100375000	0.00441236561164721	0.347146050548551
2	200975000	201025000	0.0043715085094494	0.341529931669976
2	52425000	52475000	0.00431517088085598	0.354584889747901
2	199325000	199375000	0.00428416090308775	0.34764043289736
2	41275000	41325000	0.0041833965859171	0.348729317623676
2	221675000	221725000	0.00417243774659487	0.354196736276762
2	216525000	216575000	0.00416536203561607	0.342975382295483
2	34425000	34475000	0.00412880873889016	0.352526347108146
2	12175000	12225000	0.0041257625122525	0.350765824885762
2	241875000	241925000	0.00410363163783695	0.345364043054071
2	199775000	199825000	0.00410141230061384	0.352428904059756
2	146125000	146175000	0.00406981305846171	0.353652942498226
2	2825000	2875000	0.00396638593116261	0.352531107405381
2	144525000	144575000	0.00393414037327861	0.357993640426731
2	83825000	83875000	0.00391230578493024	0.354228569853282
2	22125000	22175000	0.00389286680550505	0.355411412992014
2	82175000	82225000	0.00384491277309557	0.357120905142999
2	133725000	133775000	0.00374249607746213	0.352474324423102
2	168275000	168325000	0.00368195031375529	0.354923132773984
2	5275000	5325000	0.00354210930372534	0.354906926299933
2	185175000	185225000	0.00344630777756549	0.355064574943402
2	141325000	141375000	0.00343061335368727	0.356337197996547
2	130325000	130375000	0.00322369759714636	0.350002106024999
2	229025000	229075000	0.00315471086585839	0.351216808391996
2	141425000	141475000	0.00311083320938571	0.356281861483938
2	2675000	2725000	0.00298548251945419	0.351449894572956
2	72625000	72675000	0.00290104084083342	0.347505827043162
2	199625000	199675000	0.00288542783580731	0.351940031190075
2	146425000	146475000	0.002772781953639	0.353046961767633
2	192175000	192225000	0.00274844114584616	0.338324733276054
2	4525000	4575000	0.00259603631634187	0.350792891161453
2	52325000	52375000	0.00236083255135372	0.352834831450433
2	179725000	179775000	0.00225215027086473	0.348298651674219
2	188875000	188925000	0.00213314054487934	0.347868525891442
2	198875000	198925000	0.00212058753549887	0.342601591754055
2	186275000	186325000	0.00199277188352948	0.354036205140744
2	28075000	28125000	0.00192474709322482	0.344010411753114
2	108225000	108275000	0.00171809553990332	0.351095609512275
2	125975000	126025000	0.00126230514918724	0.352958452643782
