Start	End	Cen
0	6	0
6	13	9
13	30	20
30	37	33
37	50	47
50	67	54
67	75	70
75	97	87
97	101	95
101	110	106
110	121	118
121	129	125
129	139	133
139	156	154
156	177	165
177	185	182
185	191	188
191	204	201
204	218	208
218	225	222
225	239	229
239	246	243
246	263	253
263	279	275
279	289	283
289	302	293
302	315	310
315	333	326
333	339	337
339	359	353
359	371	363
371	378	376
378	391	385
391	401	395
401	410	406
410	417	414
417	425	421
425	452	440
452	468	457
468	479	475
479	492	484
492	501	496
501	509	505
509	520	513
520	528	525
528	540	537
540	551	548
551	558	554
558	573	566
573	582	578
582	589	585
589	607	595
607	618	612
618	628	623
628	640	630
640	648	644
648	657	652
657	677	663
677	686	681
686	700	696
700	712	703
712	730	726
730	738	734
738	745	742
745	762	756
762	770	767
770	780	777
780	790	786
790	802	794
802	820	806
820	832	824
832	840	835
840	852	848
852	860	856
860	876	865
876	884	879
884	892	888
892	903	898
903	916	909
916	924	920
924	932	928
932	943	939
943	952	947
952	960	956
960	976	969
976	984	980
984	1014	988
1014	1031	1021
1031	1038	1034
1038	1046	1040
1046	1058	1052
1058	1069	1062
1069	1079	1075
1079	1098	1091
1098	1109	1105
1109	1117	1112
1117	1128	1122
1128	1140	1135
1140	1157	1147
1157	1178	1166
1178	1190	1183
1190	1200	1195
1200	1217	1212
1217	1225	1222
1225	1242	1231
1242	1253	1248
1253	1265	1257
1265	1275	1270
1275	1284	1280
1284	1295	1289
1295	1309	1299
1309	1316	1311
1316	1332	1321
1332	1348	1340
1348	1358	1353
1358	1373	1369
1373	1383	1380
1383	1391	1387
1391	1401	1396
1401	1410	1405
1410	1426	1414
1426	1435	1431
1435	1447	1439
1447	1461	1452
1461	1469	1464
1469	1479	1474
1479	1497	1484
1497	1503	1500
1503	1519	1509
1519	1538	1532
1538	1555	1549
1584	1594	1591
1594	1602	1598
1602	1617	1606
1617	1630	1622
1630	1643	1639
1643	1653	1650
1653	1670	1665
1670	1683	1678
1683	1692	1688
1692	1703	1698
1703	1711	1708
1711	1717	1714
1717	1728	1723
1728	1738	1731
1738	1749	1742
1749	1753	1751
1753	1760	1757
1762	1769	1763
1769	1780	1778
1780	1792	1786
1796	1807	1801
1831	1846	1839
1906	1932	1924
1932	1939	1936
1939	1962	1947
1962	1979	1971
1979	1985	1982
1985	1994	1989
1994	2023	2011
2023	2037	2028
2037	2050	2044
2050	2070	2054
2070	2086	2082
2086	2097	2092
2097	2109	2104
2109	2123	2121
2123	2133	2128
2133	2144	2138
2144	2155	2152
2155	2175	2164
2175	2187	2182
2187	2204	2198
2204	2210	2208
2215	2221	2219
2227	2243	2233
2243	2250	2246
2250	2265	2261
2265	2275	2271
2275	2284	2280
2284	2295	2291
2295	2312	2300
2371	2376	2373
2376	2392	2388
2392	2408	2398
2408	2419	2414
2419	2428	2424
2428	2442	2432
2442	2450	2446
2450	2465	2456
2465	2474	2469
2495	2516	2508
2516	2526	2522
2526	2544	2534
2544	2554	2548
2554	2565	2563
2565	2576	2569
2576	2590	2585
2590	2600	2594
2600	2614	2605
2614	2625	2622
2625	2635	2632
2635	2652	2648
2652	2659	2654
2659	2666	2663
2666	2678	2670
2678	2692	2682
2692	2704	2699
2704	2713	2708
2713	2732	2722
2732	2744	2737
2744	2755	2748
2755	2762	2759
2762	2771	2765
2771	2783	2779
2783	2792	2786
2804	2809	2805
2809	2820	2814
2820	2831	2827
2831	2838	2834
2838	2847	2842
2847	2857	2851
2857	2867	2863
2867	2881	2871
2881	2896	2890
2896	2905	2900
2905	2930	2916
2930	2949	2937
2949	2973	2968
2973	2985	2979
2985	2994	2989
2994	3008	3001
3008	3026	3013
3026	3047	3033
3047	3057	3052
3057	3072	3065
3072	3089	3079
3124	3142	3133
3142	3149	3146
3149	3163	3158
3163	3177	3173
3177	3193	3188
3193	3202	3198
3202	3218	3208
3218	3246	3232
3246	3255	3252
3255	3264	3258
3264	3279	3274
3279	3294	3290
3294	3307	3302
3307	3323	3319
3323	3335	3329
3335	3347	3343
3347	3362	3357
3362	3375	3366
3375	3383	3378
3383	3396	3388
3396	3405	3400
3405	3415	3410
3415	3424	3419
3424	3435	3429
3435	3447	3441
3447	3460	3455
3460	3467	3463
3467	3482	3479
3482	3494	3489
3494	3504	3497
3504	3523	3514
3523	3539	3534
3539	3550	3544
3550	3559	3555
3559	3566	3562
3566	3573	3568
3573	3589	3582
3589	3599	3595
3599	3619	3608
3619	3638	3631
3638	3651	3643
3651	3660	3655
3660	3670	3665
3670	3682	3675
3682	3699	3689
3709	3716	3712
3716	3723	3720
3723	3734	3729
3734	3746	3739
3746	3754	3749
3754	3766	3761
3766	3787	3778
3787	3797	3792
3797	3812	3801
3812	3824	3815
3824	3838	3829
3838	3853	3843
3853	3863	3856
3863	3881	3873
3891	3898	3893
3898	3913	3908
3913	3923	3918
3923	3938	3927
3938	3944	3941
3944	3952	3948
3952	3965	3961
3965	3973	3969
3973	3983	3976
3983	3997	3993
3997	4007	4003
4007	4016	4011
4016	4027	4020
4027	4034	4030
4034	4041	4038
4041	4052	4047
4052	4062	4056
4062	4068	4065
4068	4081	4072
4081	4086	4083
4086	4095	4090
4095	4114	4107
4114	4121	4118
4121	4137	4126
4137	4156	4146
4156	4172	4162
4172	4185	4175
4185	4203	4191
4203	4216	4207
4216	4226	4219
4226	4240	4234
4240	4252	4247
4252	4269	4258
4269	4282	4276
4282	4293	4288
4293	4304	4298
4304	4314	4309
4314	4323	4318
4323	4336	4329
4336	4351	4343
4351	4359	4355
4359	4372	4363
4372	4379	4375
4379	4390	4385
4390	4395	4392
4395	4411	4400
4411	4419	4415
4419	4431	4423
4431	4449	4435
4449	4457	4453
4457	4469	4465
4469	4476	4473
4476	4496	4488
4496	4504	4500
4504	4512	4507
4512	4519	4516
4519	4530	4525
4530	4541	4538
4541	4558	4548
4558	4575	4568
4575	4590	4581
4590	4603	4595
4603	4611	4607
4611	4629	4625
4629	4654	4643
4654	4668	4659
4668	4683	4679
4683	4695	4691
4695	4708	4704
4708	4720	4713
4720	4733	4725
4733	4742	4737
4742	4759	4752
4759	4767	4763
4767	4784	4778
4784	4799	4790
4799	4807	4804
4807	4818	4812
4818	4828	4825
4828	4842	4838
4842	4856	4848
4856	4863	4860
