chr	from.id	from.coord	to.id	to.coord	tag	size
chr2	1	0	13	650000	domain	650000
chr2	14	650000	31	1550000	domain	900000
chr2	32	1550000	37	1850000	domain	300000
chr2	38	1850000	63	3150000	domain	1300000
chr2	64	3150000	67	3350000	domain	200000
chr2	68	3350000	75	3750000	domain	400000
chr2	76	3750000	122	6100000	domain	2350000
chr2	123	6100000	129	6450000	domain	350000
chr2	130	6450000	140	7000000	domain	550000
chr2	141	7000000	178	8900000	domain	1900000
chr2	179	8900000	186	9300000	domain	400000
chr2	187	9300000	192	9600000	domain	300000
chr2	193	9600000	199	9950000	domain	350000
chr2	200	9950000	205	10250000	domain	300000
chr2	206	10250000	211	10550000	domain	300000
chr2	212	10550000	217	10850000	domain	300000
chr2	218	10850000	219	10950000	boundary	100000
chr2	220	10950000	226	11300000	domain	350000
chr2	227	11300000	232	11600000	domain	300000
chr2	233	11600000	239	11950000	domain	350000
chr2	240	11950000	257	12850000	domain	900000
chr2	258	12850000	264	13200000	domain	350000
chr2	265	13200000	315	15750000	domain	2550000
chr2	316	15750000	333	16650000	domain	900000
chr2	334	16650000	340	17000000	domain	350000
chr2	341	17000000	359	17950000	domain	950000
chr2	360	17950000	371	18550000	domain	600000
chr2	372	18550000	379	18950000	domain	400000
chr2	380	18950000	391	19550000	domain	600000
chr2	392	19550000	402	20100000	domain	550000
chr2	403	20100000	411	20550000	domain	450000
chr2	412	20550000	417	20850000	domain	300000
chr2	418	20850000	425	21250000	domain	400000
chr2	426	21250000	468	23400000	domain	2150000
chr2	469	23400000	480	24000000	domain	600000
chr2	481	24000000	486	24300000	domain	300000
chr2	487	24300000	492	24600000	domain	300000
chr2	493	24600000	501	25050000	domain	450000
chr2	502	25050000	509	25450000	domain	400000
chr2	510	25450000	521	26050000	domain	600000
chr2	522	26050000	528	26400000	domain	350000
chr2	529	26400000	541	27050000	domain	650000
chr2	542	27050000	545	27250000	domain	200000
chr2	546	27250000	552	27600000	domain	350000
chr2	553	27600000	558	27900000	domain	300000
chr2	559	27900000	573	28650000	domain	750000
chr2	574	28650000	583	29150000	domain	500000
chr2	584	29150000	589	29450000	domain	300000
chr2	590	29450000	607	30350000	domain	900000
chr2	608	30350000	619	30950000	domain	600000
chr2	620	30950000	628	31400000	domain	450000
chr2	629	31400000	635	31750000	domain	350000
chr2	636	31750000	641	32050000	domain	300000
chr2	642	32050000	648	32400000	domain	350000
chr2	649	32400000	657	32850000	boundary	450000
chr2	658	32850000	670	33500000	domain	650000
chr2	671	33500000	677	33850000	domain	350000
chr2	678	33850000	731	36550000	domain	2700000
chr2	732	36550000	738	36900000	domain	350000
chr2	739	36900000	746	37300000	domain	400000
chr2	747	37300000	752	37600000	boundary	300000
chr2	753	37600000	763	38150000	domain	550000
chr2	764	38150000	770	38500000	domain	350000
chr2	771	38500000	776	38800000	domain	300000
chr2	777	38800000	780	39000000	domain	200000
chr2	781	39000000	790	39500000	domain	500000
chr2	791	39500000	802	40100000	domain	600000
chr2	803	40100000	814	40700000	domain	600000
chr2	815	40700000	821	41050000	domain	350000
chr2	822	41050000	841	42050000	domain	1000000
chr2	842	42050000	846	42300000	domain	250000
chr2	847	42300000	852	42600000	domain	300000
chr2	853	42600000	861	43050000	domain	450000
chr2	862	43050000	869	43450000	domain	400000
chr2	870	43450000	876	43800000	domain	350000
chr2	877	43800000	885	44250000	domain	450000
chr2	886	44250000	892	44600000	domain	350000
chr2	893	44600000	904	45200000	domain	600000
chr2	905	45200000	916	45800000	domain	600000
chr2	917	45800000	924	46200000	domain	400000
chr2	925	46200000	932	46600000	domain	400000
chr2	933	46600000	934	46700000	boundary	100000
chr2	935	46700000	937	46850000	domain	150000
chr2	938	46850000	943	47150000	domain	300000
chr2	944	47150000	951	47550000	domain	400000
chr2	952	47550000	953	47650000	boundary	100000
chr2	954	47650000	960	48000000	domain	350000
chr2	961	48000000	967	48350000	domain	350000
chr2	968	48350000	974	48700000	domain	350000
chr2	975	48700000	976	48800000	boundary	100000
chr2	977	48800000	984	49200000	domain	400000
chr2	985	49200000	1014	50700000	domain	1500000
chr2	1015	50700000	1080	54000000	domain	3300000
chr2	1081	54000000	1087	54350000	domain	350000
chr2	1088	54350000	1099	54950000	domain	600000
chr2	1100	54950000	1102	55100000	boundary	150000
chr2	1103	55100000	1109	55450000	domain	350000
chr2	1110	55450000	1117	55850000	domain	400000
chr2	1118	55850000	1128	56400000	domain	550000
chr2	1129	56400000	1158	57900000	domain	1500000
chr2	1159	57900000	1170	58500000	domain	600000
chr2	1171	58500000	1218	60900000	domain	2400000
chr2	1219	60900000	1225	61250000	domain	350000
chr2	1226	61250000	1235	61750000	domain	500000
chr2	1236	61750000	1242	62100000	domain	350000
chr2	1243	62100000	1253	62650000	domain	550000
chr2	1254	62650000	1260	63000000	domain	350000
chr2	1261	63000000	1266	63300000	domain	300000
chr2	1267	63300000	1276	63800000	domain	500000
chr2	1277	63800000	1285	64250000	domain	450000
chr2	1286	64250000	1291	64550000	domain	300000
chr2	1292	64550000	1296	64800000	domain	250000
chr2	1297	64800000	1302	65100000	domain	300000
chr2	1303	65100000	1309	65450000	domain	350000
chr2	1310	65450000	1316	65800000	domain	350000
chr2	1317	65800000	1333	66650000	domain	850000
chr2	1334	66650000	1349	67450000	domain	800000
chr2	1350	67450000	1358	67900000	domain	450000
chr2	1359	67900000	1366	68300000	domain	400000
chr2	1367	68300000	1374	68700000	domain	400000
chr2	1375	68700000	1383	69150000	domain	450000
chr2	1384	69150000	1391	69550000	domain	400000
chr2	1392	69550000	1399	69950000	domain	400000
chr2	1400	69950000	1402	70100000	boundary	150000
chr2	1403	70100000	1410	70500000	domain	400000
chr2	1411	70500000	1421	71050000	domain	550000
chr2	1422	71050000	1425	71250000	boundary	200000
chr2	1426	71250000	1435	71750000	domain	500000
chr2	1436	71750000	1448	72400000	domain	650000
chr2	1449	72400000	1460	73000000	domain	600000
chr2	1461	73000000	1462	73100000	boundary	100000
chr2	1463	73100000	1470	73500000	domain	400000
chr2	1471	73500000	1479	73950000	domain	450000
chr2	1480	73950000	1489	74450000	domain	500000
chr2	1490	74450000	1494	74700000	domain	250000
chr2	1495	74700000	1497	74850000	boundary	150000
chr2	1498	74850000	1503	75150000	domain	300000
chr2	1504	75150000	1513	75650000	domain	500000
chr2	1514	75650000	1519	75950000	domain	300000
chr2	1520	75950000	1603	80150000	domain	4200000
chr2	1604	80150000	1610	80500000	domain	350000
chr2	1611	80500000	1617	80850000	domain	350000
chr2	1618	80850000	1670	83500000	domain	2650000
chr2	1671	83500000	1683	84150000	domain	650000
chr2	1684	84150000	1693	84650000	domain	500000
chr2	1694	84650000	1703	85150000	domain	500000
chr2	1704	85150000	1711	85550000	domain	400000
chr2	1712	85550000	1717	85850000	domain	300000
chr2	1718	85850000	1721	86050000	domain	200000
chr2	1722	86050000	1728	86400000	domain	350000
chr2	1729	86400000	1733	86650000	domain	250000
chr2	1734	86650000	1739	86950000	domain	300000
chr2	1740	86950000	1743	87150000	domain	200000
chr2	1744	87150000	1745	87250000	gap	100000
chr2	1746	87250000	1749	87450000	domain	200000
chr2	1750	87450000	1752	87600000	domain	150000
chr2	1753	87600000	1754	87700000	gap	100000
chr2	1755	87700000	1756	87800000	domain	100000
chr2	1757	87800000	1761	88050000	domain	250000
chr2	1762	88050000	1763	88150000	gap	100000
chr2	1764	88150000	1770	88500000	domain	350000
chr2	1771	88500000	1776	88800000	domain	300000
chr2	1777	88800000	1780	89000000	domain	200000
chr2	1781	89000000	1793	89650000	domain	650000
chr2	1794	89650000	1796	89800000	gap	150000
chr2	1797	89800000	1806	90300000	domain	500000
chr2	1807	90300000	1832	91600000	gap	1300000
chr2	1833	91600000	1847	92350000	domain	750000
chr2	1848	92350000	1906	95300000	gap	2950000
chr2	1907	95300000	1920	96000000	domain	700000
chr2	1921	96000000	1929	96450000	domain	450000
chr2	1930	96450000	1931	96550000	domain	100000
chr2	1932	96550000	1933	96650000	boundary	100000
chr2	1934	96650000	1939	96950000	domain	300000
chr2	1940	96950000	1941	97050000	boundary	100000
chr2	1942	97050000	1944	97200000	domain	150000
chr2	1945	97200000	1950	97500000	domain	300000
chr2	1951	97500000	1956	97800000	domain	300000
chr2	1957	97800000	1958	97900000	domain	100000
chr2	1959	97900000	1963	98150000	gap	250000
chr2	1964	98150000	1967	98350000	domain	200000
chr2	1968	98350000	1980	99000000	domain	650000
chr2	1981	99000000	1985	99250000	domain	250000
chr2	1986	99250000	1995	99750000	domain	500000
chr2	1996	99750000	2003	100150000	domain	400000
chr2	2004	100150000	2017	100850000	domain	700000
chr2	2018	100850000	2021	101050000	boundary	200000
chr2	2022	101050000	2024	101200000	domain	150000
chr2	2025	101200000	2032	101600000	domain	400000
chr2	2033	101600000	2037	101850000	domain	250000
chr2	2038	101850000	2050	102500000	domain	650000
chr2	2051	102500000	2062	103100000	domain	600000
chr2	2063	103100000	2070	103500000	domain	400000
chr2	2071	103500000	2109	105450000	domain	1950000
chr2	2110	105450000	2119	105950000	domain	500000
chr2	2120	105950000	2124	106200000	domain	250000
chr2	2125	106200000	2134	106700000	domain	500000
chr2	2135	106700000	2145	107250000	domain	550000
chr2	2146	107250000	2176	108800000	domain	1550000
chr2	2177	108800000	2188	109400000	domain	600000
chr2	2189	109400000	2195	109750000	domain	350000
chr2	2196	109750000	2203	110150000	domain	400000
chr2	2204	110150000	2205	110250000	gap	100000
chr2	2206	110250000	2211	110550000	domain	300000
chr2	2212	110550000	2216	110800000	gap	250000
chr2	2217	110800000	2220	111000000	domain	200000
chr2	2221	111000000	2227	111350000	gap	350000
chr2	2228	111350000	2229	111450000	domain	100000
chr2	2230	111450000	2237	111850000	domain	400000
chr2	2238	111850000	2244	112200000	domain	350000
chr2	2245	112200000	2250	112500000	domain	300000
chr2	2251	112500000	2257	112850000	domain	350000
chr2	2258	112850000	2267	113350000	domain	500000
chr2	2268	113350000	2270	113500000	domain	150000
chr2	2271	113500000	2275	113750000	domain	250000
chr2	2276	113750000	2284	114200000	domain	450000
chr2	2285	114200000	2295	114750000	domain	550000
chr2	2296	114750000	2371	118550000	domain	3800000
chr2	2372	118550000	2376	118800000	domain	250000
chr2	2377	118800000	2393	119650000	domain	850000
chr2	2394	119650000	2403	120150000	domain	500000
chr2	2404	120150000	2408	120400000	domain	250000
chr2	2409	120400000	2419	120950000	domain	550000
chr2	2420	120950000	2429	121450000	domain	500000
chr2	2430	121450000	2437	121850000	domain	400000
chr2	2438	121850000	2442	122100000	domain	250000
chr2	2443	122100000	2451	122550000	domain	450000
chr2	2452	122550000	2551	127550000	domain	5000000
chr2	2552	127550000	2555	127750000	domain	200000
chr2	2556	127750000	2561	128050000	domain	300000
chr2	2562	128050000	2565	128250000	domain	200000
chr2	2566	128250000	2573	128650000	domain	400000
chr2	2574	128650000	2578	128900000	boundary	250000
chr2	2579	128900000	2581	129050000	boundary	150000
chr2	2582	129050000	2591	129550000	domain	500000
chr2	2592	129550000	2614	130700000	domain	1150000
chr2	2615	130700000	2626	131300000	domain	600000
chr2	2627	131300000	2635	131750000	domain	450000
chr2	2636	131750000	2660	133000000	domain	1250000
chr2	2661	133000000	2666	133300000	domain	300000
chr2	2667	133300000	2668	133400000	boundary	100000
chr2	2669	133400000	2679	133950000	domain	550000
chr2	2680	133950000	2686	134300000	domain	350000
chr2	2687	134300000	2692	134600000	domain	300000
chr2	2693	134600000	2704	135200000	domain	600000
chr2	2705	135200000	2714	135700000	domain	500000
chr2	2715	135700000	2730	136500000	domain	800000
chr2	2731	136500000	2733	136650000	boundary	150000
chr2	2734	136650000	2744	137200000	domain	550000
chr2	2745	137200000	2772	138600000	domain	1400000
chr2	2773	138600000	2792	139600000	domain	1000000
chr2	2793	139600000	2868	143400000	domain	3800000
chr2	2869	143400000	2875	143750000	domain	350000
chr2	2876	143750000	2881	144050000	domain	300000
chr2	2882	144050000	2906	145300000	domain	1250000
chr2	2907	145300000	2931	146550000	domain	1250000
chr2	2932	146550000	2949	147450000	domain	900000
chr2	2950	147450000	2974	148700000	domain	1250000
chr2	2975	148700000	2986	149300000	domain	600000
chr2	2987	149300000	2997	149850000	domain	550000
chr2	2998	149850000	3009	150450000	domain	600000
chr2	3010	150450000	3026	151300000	domain	850000
chr2	3027	151300000	3042	152100000	domain	800000
chr2	3043	152100000	3047	152350000	domain	250000
chr2	3048	152350000	3057	152850000	domain	500000
chr2	3058	152850000	3072	153600000	domain	750000
chr2	3073	153600000	3143	157150000	domain	3550000
chr2	3144	157150000	3149	157450000	domain	300000
chr2	3150	157450000	3164	158200000	domain	750000
chr2	3165	158200000	3170	158500000	domain	300000
chr2	3171	158500000	3178	158900000	domain	400000
chr2	3179	158900000	3185	159250000	domain	350000
chr2	3186	159250000	3194	159700000	domain	450000
chr2	3195	159700000	3202	160100000	domain	400000
chr2	3203	160100000	3213	160650000	domain	550000
chr2	3214	160650000	3219	160950000	domain	300000
chr2	3220	160950000	3222	161100000	domain	150000
chr2	3223	161100000	3237	161850000	domain	750000
chr2	3238	161850000	3243	162150000	boundary	300000
chr2	3244	162150000	3246	162300000	boundary	150000
chr2	3247	162300000	3256	162800000	domain	500000
chr2	3257	162800000	3264	163200000	domain	400000
chr2	3265	163200000	3280	164000000	domain	800000
chr2	3281	164000000	3308	165400000	domain	1400000
chr2	3309	165400000	3324	166200000	domain	800000
chr2	3325	166200000	3335	166750000	domain	550000
chr2	3336	166750000	3340	167000000	domain	250000
chr2	3341	167000000	3347	167350000	domain	350000
chr2	3348	167350000	3363	168150000	domain	800000
chr2	3364	168150000	3376	168800000	domain	650000
chr2	3377	168800000	3383	169150000	domain	350000
chr2	3384	169150000	3392	169600000	domain	450000
chr2	3393	169600000	3396	169800000	domain	200000
chr2	3397	169800000	3406	170300000	domain	500000
chr2	3407	170300000	3416	170800000	domain	500000
chr2	3417	170800000	3424	171200000	domain	400000
chr2	3425	171200000	3435	171750000	domain	550000
chr2	3436	171750000	3448	172400000	domain	650000
chr2	3449	172400000	3460	173000000	domain	600000
chr2	3461	173000000	3467	173350000	domain	350000
chr2	3468	173350000	3473	173650000	domain	300000
chr2	3474	173650000	3483	174150000	domain	500000
chr2	3484	174150000	3485	174250000	boundary	100000
chr2	3486	174250000	3495	174750000	domain	500000
chr2	3496	174750000	3505	175250000	domain	500000
chr2	3506	175250000	3511	175550000	domain	300000
chr2	3512	175550000	3518	175900000	domain	350000
chr2	3519	175900000	3524	176200000	domain	300000
chr2	3525	176200000	3531	176550000	domain	350000
chr2	3532	176550000	3539	176950000	domain	400000
chr2	3540	176950000	3551	177550000	domain	600000
chr2	3552	177550000	3560	178000000	domain	450000
chr2	3561	178000000	3566	178300000	domain	300000
chr2	3567	178300000	3573	178650000	domain	350000
chr2	3574	178650000	3579	178950000	domain	300000
chr2	3580	178950000	3590	179500000	domain	550000
chr2	3591	179500000	3599	179950000	domain	450000
chr2	3600	179950000	3613	180650000	domain	700000
chr2	3614	180650000	3619	180950000	domain	300000
chr2	3620	180950000	3639	181950000	domain	1000000
chr2	3640	181950000	3652	182600000	domain	650000
chr2	3653	182600000	3660	183000000	domain	400000
chr2	3661	183000000	3671	183550000	domain	550000
chr2	3672	183550000	3682	184100000	domain	550000
chr2	3683	184100000	3709	185450000	domain	1350000
chr2	3710	185450000	3747	187350000	domain	1900000
chr2	3748	187350000	3754	187700000	domain	350000
chr2	3755	187700000	3767	188350000	domain	650000
chr2	3768	188350000	3788	189400000	domain	1050000
chr2	3789	189400000	3797	189850000	domain	450000
chr2	3798	189850000	3806	190300000	domain	450000
chr2	3807	190300000	3812	190600000	domain	300000
chr2	3813	190600000	3819	190950000	domain	350000
chr2	3820	190950000	3833	191650000	domain	700000
chr2	3834	191650000	3838	191900000	domain	250000
chr2	3839	191900000	3848	192400000	domain	500000
chr2	3849	192400000	3854	192700000	domain	300000
chr2	3855	192700000	3861	193050000	domain	350000
chr2	3862	193050000	3923	196150000	domain	3100000
chr2	3924	196150000	3931	196550000	domain	400000
chr2	3932	196550000	3938	196900000	domain	350000
chr2	3939	196900000	3944	197200000	domain	300000
chr2	3945	197200000	3953	197650000	domain	450000
chr2	3954	197650000	3965	198250000	domain	600000
chr2	3966	198250000	3973	198650000	domain	400000
chr2	3974	198650000	3984	199200000	domain	550000
chr2	3985	199200000	4007	200350000	domain	1150000
chr2	4008	200350000	4016	200800000	domain	450000
chr2	4017	200800000	4027	201350000	domain	550000
chr2	4028	201350000	4035	201750000	domain	400000
chr2	4036	201750000	4042	202100000	domain	350000
chr2	4043	202100000	4052	202600000	domain	500000
chr2	4053	202600000	4062	203100000	domain	500000
chr2	4063	203100000	4069	203450000	domain	350000
chr2	4070	203450000	4075	203750000	domain	300000
chr2	4076	203750000	4081	204050000	domain	300000
chr2	4082	204050000	4087	204350000	domain	300000
chr2	4088	204350000	4096	204800000	domain	450000
chr2	4097	204800000	4103	205150000	domain	350000
chr2	4104	205150000	4112	205600000	domain	450000
chr2	4113	205600000	4131	206550000	domain	950000
chr2	4132	206550000	4137	206850000	domain	300000
chr2	4138	206850000	4140	207000000	boundary	150000
chr2	4141	207000000	4151	207550000	domain	550000
chr2	4152	207550000	4157	207850000	domain	300000
chr2	4158	207850000	4167	208350000	domain	500000
chr2	4168	208350000	4172	208600000	domain	250000
chr2	4173	208600000	4185	209250000	domain	650000
chr2	4186	209250000	4203	210150000	domain	900000
chr2	4204	210150000	4211	210550000	domain	400000
chr2	4212	210550000	4216	210800000	domain	250000
chr2	4217	210800000	4226	211300000	domain	500000
chr2	4227	211300000	4269	213450000	domain	2150000
chr2	4270	213450000	4282	214100000	domain	650000
chr2	4283	214100000	4293	214650000	domain	550000
chr2	4294	214650000	4323	216150000	domain	1500000
chr2	4324	216150000	4336	216800000	domain	650000
chr2	4337	216800000	4347	217350000	domain	550000
chr2	4348	217350000	4351	217550000	domain	200000
chr2	4352	217550000	4360	218000000	domain	450000
chr2	4361	218000000	4368	218400000	domain	400000
chr2	4369	218400000	4373	218650000	domain	250000
chr2	4374	218650000	4379	218950000	domain	300000
chr2	4380	218950000	4381	219050000	boundary	100000
chr2	4382	219050000	4385	219250000	domain	200000
chr2	4386	219250000	4391	219550000	boundary	300000
chr2	4392	219550000	4395	219750000	domain	200000
chr2	4396	219750000	4401	220050000	domain	300000
chr2	4402	220050000	4405	220250000	domain	200000
chr2	4406	220250000	4412	220600000	boundary	350000
chr2	4413	220600000	4431	221550000	domain	950000
chr2	4432	221550000	4449	222450000	domain	900000
chr2	4450	222450000	4457	222850000	domain	400000
chr2	4458	222850000	4470	223500000	domain	650000
chr2	4471	223500000	4476	223800000	domain	300000
chr2	4477	223800000	4497	224850000	domain	1050000
chr2	4498	224850000	4504	225200000	domain	350000
chr2	4505	225200000	4513	225650000	domain	450000
chr2	4514	225650000	4520	226000000	domain	350000
chr2	4521	226000000	4530	226500000	domain	500000
chr2	4531	226500000	4553	227650000	domain	1150000
chr2	4554	227650000	4558	227900000	domain	250000
chr2	4559	227900000	4563	228150000	domain	250000
chr2	4564	228150000	4576	228800000	domain	650000
chr2	4577	228800000	4612	230600000	domain	1800000
chr2	4613	230600000	4630	231500000	domain	900000
chr2	4631	231500000	4634	231700000	domain	200000
chr2	4635	231700000	4638	231900000	domain	200000
chr2	4639	231900000	4647	232350000	domain	450000
chr2	4648	232350000	4649	232450000	boundary	100000
chr2	4650	232450000	4654	232700000	domain	250000
chr2	4655	232700000	4664	233200000	domain	500000
chr2	4665	233200000	4668	233400000	boundary	200000
chr2	4669	233400000	4674	233700000	domain	300000
chr2	4675	233700000	4683	234150000	domain	450000
chr2	4684	234150000	4696	234800000	domain	650000
chr2	4697	234800000	4709	235450000	domain	650000
chr2	4710	235450000	4721	236050000	domain	600000
chr2	4722	236050000	4730	236500000	domain	450000
chr2	4731	236500000	4734	236700000	domain	200000
chr2	4735	236700000	4743	237150000	domain	450000
chr2	4744	237150000	4760	238000000	domain	850000
chr2	4761	238000000	4766	238300000	domain	300000
chr2	4767	238300000	4768	238400000	boundary	100000
chr2	4769	238400000	4774	238700000	domain	300000
chr2	4775	238700000	4784	239200000	domain	500000
chr2	4785	239200000	4795	239750000	domain	550000
chr2	4796	239750000	4799	239950000	domain	200000
chr2	4800	239950000	4807	240350000	domain	400000
chr2	4808	240350000	4819	240950000	domain	600000
chr2	4820	240950000	4822	241100000	boundary	150000
chr2	4823	241100000	4828	241400000	domain	300000
chr2	4829	241400000	4835	241750000	domain	350000
chr2	4836	241750000	4843	242150000	domain	400000
chr2	4844	242150000	4852	242600000	domain	450000
chr2	4853	242600000	4857	242850000	boundary	250000
chr2	4858	242850000	4862	243100000	domain	250000
chr2	4863	243100000	4864	243200000	gap	100000
